"mesocosm";"depth";"date";"temperature";"oxygen";"pH";"turbidity";"chlorophyll"
10;150;"07/27/2015";21.556;15.88;10.29;3.31;31.61
10;50;"07/27/2015";0.02163;15.72;10.29;3.29;11.28
10;100;"07/27/2015";21.556;15.86;10.29;3.29;21.41
11;150;"07/27/2015";21.486;14.48;9.99;3.44;44.01
11;50;"07/27/2015";21.771;13.98;9.94;3.37;17.93
11;100;"07/27/2015";21.681;14.31;9.97;3.29;33.24
12;150;"07/27/2015";21.446;17.22;10.57;4.82;128
12;50;"07/27/2015";21.654;16.22;10.46;3.25;16.48
12;100;"07/27/2015";21.617;16.28;10.47;3.38;20.75
13;150;"07/27/2015";21.505;14.13;9.89;2.48;22.65
13;50;"07/27/2015";21.678;14.3;9.92;2.32;6.26
13;100;"07/27/2015";21.623;14.28;9.91;2.42;14.52
14;150;"07/27/2015";21.511;13.27;9.74;2.61;24.59
14;50;"07/27/2015";21.761;13.11;9.72;2.32;11.36
14;100;"07/27/2015";21.749;13.12;9.71;2.33;19.96
15;150;"07/27/2015";21.515;16.24;10.28;6.14;40.23
15;50;"07/27/2015";21.673;15.84;10.24;3.16;18.91
15;100;"07/27/2015";21.637;15.89;10.23;3.1;26.93
16;150;"07/27/2015";21.466;14.19;10.08;6.62;67.39
16;50;"07/27/2015";21.527;14.01;10.07;2.86;11.41
16;100;"07/27/2015";21.502;14.07;10.07;3.12;25.19
17;150;"07/27/2015";21.444;12.99;9.67;2.08;17.11
17;50;"07/27/2015";0.02155;12.99;9.68;2.11;10.79
17;100;"07/27/2015";21.557;12.92;9.67;2.08;10.36
18;150;"07/27/2015";21.427;15.87;10.26;3.72;46.15
18;50;"07/27/2015";21.525;15.12;10.18;3.09;16.11
18;100;"07/27/2015";21.512;15.38;10.18;3.04;27.34
19;150;"07/27/2015";21.483;16.46;10.53;3.7;33.07
19;50;"07/27/2015";21.502;16.36;10.52;3.01;19.63
19;100;"07/27/2015";0.02148;16.49;10.54;3.28;40.3
1;150;"07/27/2015";21.393;13.54;9.85;4.74;50.73
1;50;"07/27/2015";21.451;12.82;9.75;1.94;13.03
1;100;"07/27/2015";21.436;12.91;9.75;1.91;15.75
20;150;"07/27/2015";21.397;14.28;10;3.11;45.3
20;50;"07/27/2015";21.618;14.06;9.95;2.8;19.1
20;100;"07/27/2015";21.533;14.07;9.95;2.89;26.9
21;150;"07/27/2015";21.438;15.7;10.31;2.72;33.37
21;50;"07/27/2015";0.02153;15.35;10.29;2.5;16.94
21;100;"07/27/2015";0.02151;15.54;10.3;2.48;31.73
22;150;"07/28/2015";NA;12.93;10.06;1.83;NA
22;50;"07/28/2015";NA;13.05;10.06;1.97;NA
22;100;"07/28/2015";NA;12.98;10.06;1.97;NA
23;150;"07/28/2015";NA;12.99;9.67;2.12;NA
23;50;"07/28/2015";NA;9.42;8.38;28.86;NA
23;100;"07/28/2015";NA;13.11;9.66;2.14;NA
24;150;"07/27/2015";21.451;13.76;10.33;4.43;92.48
24;50;"07/27/2015";21.523;12.39;10.18;2.14;8.65
24;100;"07/27/2015";21.506;12.33;10.18;2.14;16.42
25;150;"07/28/2015";NA;15.31;10.21;2.73;NA
25;50;"07/28/2015";NA;15.58;10.21;2.73;NA
25;100;"07/28/2015";NA;15.37;10.21;2.65;NA
26;150;"07/28/2015";NA;12.61;9.66;1.98;NA
26;50;"07/28/2015";NA;13.04;9.67;2.05;NA
26;100;"07/28/2015";NA;12.73;9.66;1.97;NA
27;150;"07/28/2015";NA;14.82;10.03;2.22;NA
27;50;"07/28/2015";NA;14.75;10;3.8;NA
27;100;"07/28/2015";NA;14.84;10.04;2.43;NA
28;150;"07/28/2015";NA;13.91;10.08;1.72;NA
28;50;"07/28/2015";NA;12.89;10.27;3.99;NA
28;100;"07/28/2015";NA;13.93;10.08;1.7;NA
29;150;"07/28/2015";NA;14.83;10;3.54;NA
29;50;"07/28/2015";NA;9.2;8.66;28.24;NA
29;100;"07/28/2015";NA;14.94;10;3.7;NA
2;150;"07/27/2015";21.391;12.98;9.6;1.96;15.52
2;50;"07/27/2015";21.509;13.11;9.45;1.84;9.32
2;100;"07/27/2015";21.493;13.11;9.63;1.85;9.1
30;150;"07/28/2015";NA;15;10.09;2.43;NA
30;50;"07/28/2015";NA;12.48;10.07;4.15;NA
30;100;"07/28/2015";NA;14.98;10.09;2.5;NA
31;150;"07/28/2015";NA;12.84;10.26;2.52;NA
31;50;"07/28/2015";NA;13.36;10.23;2.24;NA
31;100;"07/28/2015";NA;12.86;10.25;2.28;NA
32;150;"07/28/2015";NA;15.17;9.99;3.29;NA
32;50;"07/28/2015";NA;15.34;10;3.23;NA
32;100;"07/28/2015";NA;15.2;10;3.49;NA
33;150;"07/28/2015";NA;13.52;9.87;1.88;NA
33;50;"07/28/2015";NA;13.64;9.86;1.94;NA
33;100;"07/28/2015";NA;13.55;9.85;1.82;NA
34;150;"07/28/2015";NA;15.34;10.34;2.61;NA
34;50;"07/28/2015";NA;9.35;8.83;11.93;NA
34;100;"07/28/2015";NA;15.38;10.31;2.59;NA
35;150;"07/28/2015";NA;14.71;9.63;3.3;NA
35;50;"07/28/2015";NA;14.77;9.6;3.45;NA
35;100;"07/28/2015";NA;14.75;9.61;3.42;NA
36;150;"07/28/2015";NA;11.53;10.05;2.21;NA
36;50;"07/28/2015";NA;14.71;9.66;4.89;NA
36;100;"07/28/2015";NA;11.57;10.01;2.23;NA
3;150;"07/27/2015";21.383;14.95;10.04;3.27;31.98
3;50;"07/27/2015";21.487;14.03;9.97;2.42;15.77
3;100;"07/27/2015";21.471;14.08;9.95;2.45;20.02
4;150;"07/27/2015";21.431;15.8;10.37;3.96;70.58
4;50;"07/27/2015";0.02158;15.13;10.31;2.74;16.79
4;100;"07/27/2015";21.532;15.33;10.31;2.76;15.25
5;150;"07/27/2015";0.02151;13.19;9.81;2.2;15.69
5;50;"07/27/2015";21.689;12.72;9.79;2.13;7.56
5;100;"07/27/2015";21.685;13.04;9.8;2.19;19.53
6;150;"07/27/2015";21.388;16.02;10.25;3.68;50.96
6;50;"07/27/2015";21.593;15.17;10.14;2.94;12.33
6;100;"07/27/2015";21.567;15.14;10.14;2.94;21.39
7;150;"07/27/2015";21.401;15.64;10.11;4.49;49.14
7;50;"07/27/2015";21.642;15.56;10.09;3.26;15.1
7;100;"07/27/2015";21.608;15.58;10.08;3.3;24.42
8;150;"07/27/2015";21.482;14.57;9.87;3.32;30.49
8;50;"07/27/2015";21.777;13.88;9.82;2.86;13
8;100;"07/27/2015";21.744;14.53;9.87;2.96;18.15
9;150;"07/27/2015";21.469;16.38;10.43;4.49;68.78
9;50;"07/27/2015";21.614;15.61;10.35;2.77;16.27
9;100;"07/27/2015";21.556;15.65;10.35;2.83;19.6
10;150;"08/10/2015";23.316;12.9;10.14;2.27;33.6
10;50;"08/10/2015";23.993;12.66;10.1;2.05;16.5
10;100;"08/10/2015";23.58;12.83;10.13;2.12;27.76
11;150;"08/10/2015";23.361;13.38;9.98;2.66;53.69
11;50;"08/10/2015";24.191;13.06;9.94;2.59;25.43
11;100;"08/10/2015";23.583;13.35;9.97;2.7;36.25
12;150;"08/10/2015";23.378;12.53;10.18;2.66;33.62
12;50;"08/10/2015";23.879;11.95;10.16;2.44;10.63
12;100;"08/10/2015";23.516;12.39;10.17;2.56;18.56
13;150;"08/10/2015";23.379;11.51;9.75;1.45;24.48
13;50;"08/10/2015";23.743;11.53;9.74;1.39;15.02
13;100;"08/10/2015";23.466;11.52;9.75;1.43;17.34
14;150;"08/10/2015";23.318;11.54;9.59;2.38;55.41
14;50;"08/10/2015";24.092;11.66;9.58;2.34;30.42
14;100;"08/10/2015";23.557;11.63;9.59;2.32;40.97
15;150;"08/10/2015";23.41;13.73;10.17;2.12;41.84
15;50;"08/10/2015";23.854;13.13;10.13;2.02;21.27
15;100;"08/10/2015";23.474;13.71;10.16;2.07;34.02
16;150;"08/10/2015";23.285;11.03;9.82;1.42;25.38
16;50;"08/10/2015";23.863;11.39;9.83;1.38;18.42
16;100;"08/10/2015";23.573;11.23;9.84;1.36;15.6
17;150;"08/10/2015";23.279;12.88;9.81;2.26;51.51
17;50;"08/10/2015";24.112;12.93;9.79;2.11;31.78
17;100;"08/10/2015";23.459;12.97;9.82;2.2;31.07
18;150;"08/10/2015";23.341;15.05;10.34;2.8;69.09
18;50;"08/10/2015";23.684;14.45;10.3;2.63;40.17
18;100;"08/10/2015";23.411;15.06;10.35;2.77;55.93
19;150;"08/10/2015";23.283;12.43;10.16;2.72;53.51
19;50;"08/10/2015";23.756;12.52;10.16;2.83;30.51
19;100;"08/10/2015";23.519;12.48;10.16;2.69;30.32
1;150;"08/10/2015";23.401;11.93;10.15;2.2;41.6
1;50;"08/10/2015";24.058;11.63;10.09;2.07;18.9
1;100;"08/10/2015";23.621;11.68;10.11;2.07;29.82
20;150;"08/10/2015";23.301;12.3;9.85;2.52;45.28
20;50;"08/10/2015";23.904;12.18;9.82;2.18;23.18
20;100;"08/10/2015";23.434;12.27;9.84;2.47;35.34
21;150;"08/10/2015";23.256;13.8;10.26;3.73;55.59
21;50;"08/10/2015";23.965;12.95;10.2;3.49;31.85
21;100;"08/10/2015";23.41;13.62;10.24;3.63;47.77
22;150;"08/10/2015";23.3;11.64;10;1.81;31.13
22;50;"08/10/2015";23.89;11.53;9.98;1.9;20.86
22;100;"08/10/2015";23.505;11.52;9.99;1.8;22.54
23;150;"08/10/2015";23.348;10.8;9.53;1.72;30.29
23;50;"08/10/2015";23.764;11.01;9.56;1.76;24.32
23;100;"08/10/2015";23.486;11;9.55;1.79;21.55
24;150;"08/10/2015";23.305;10.67;9.89;1.92;31.69
24;50;"08/10/2015";23.902;10.3;9.83;1.76;19.79
24;100;"08/10/2015";23.483;10.49;9.86;1.89;26.29
25;150;"08/10/2015";23.285;12.57;10.1;2.09;33.78
25;50;"08/10/2015";23.642;12.39;10.08;2.07;24.13
25;100;"08/10/2015";23.376;12.58;10.1;2.06;22.59
26;150;"08/10/2015";23.318;11.26;9.57;1.71;37.29
26;50;"08/10/2015";23.723;11.67;9.62;1.7;30.43
26;100;"08/10/2015";23.469;11.54;9.61;1.74;21.16
27;150;"08/10/2015";23.292;13.27;10.06;2.32;41.8
27;50;"08/10/2015";23.67;13.15;10.06;2.19;28.61
27;100;"08/10/2015";23.383;13.28;10.06;2.26;35.16
28;150;"08/10/2015";23.251;10.87;9.74;1.9;33.74
28;50;"08/10/2015";23.921;11.1;9.74;1.83;19.55
28;100;"08/10/2015";23.42;10.95;9.74;1.79;35.6
29;150;"08/10/2015";23.264;13.06;9.99;2.47;47.04
29;50;"08/10/2015";23.853;13;9.97;2.28;42.4
29;100;"08/10/2015";23.544;13.11;9.98;2.3;37.84
2;150;"08/10/2015";23.348;11.6;9.74;1.39;17.93
2;50;"08/10/2015";23.857;11.55;9.72;1.22;8.55
2;100;"08/10/2015";23.483;11.6;9.74;1.33;12.97
30;150;"08/10/2015";23.306;12.65;9.96;1.96;31.14
30;50;"08/10/2015";23.628;12.24;9.94;1.87;12.87
30;100;"08/10/2015";23.391;12.61;9.96;1.93;27.96
31;150;"08/10/2015";23.255;9.99;9.81;1.78;26.23
31;50;"08/10/2015";23.943;10.42;9.8;1.84;21.58
31;100;"08/10/2015";23.395;10.06;9.82;1.73;20.71
32;150;"08/10/2015";23.279;13.29;9.89;2.53;48.25
32;50;"08/10/2015";23.747;13.39;9.93;2.43;32.67
32;100;"08/10/2015";23.421;13.53;9.93;2.47;41.43
33;150;"08/10/2015";23.26;11.19;9.64;1.31;18.08
33;50;"08/10/2015";23.696;11.09;9.65;1.21;13.34
33;100;"08/10/2015";23.35;11.2;9.65;1.19;15.26
34;150;"08/10/2015";23.257;12.81;10.11;2.97;44.12
34;50;"08/10/2015";23.713;12.74;10.08;2.79;31.14
34;100;"08/10/2015";23.379;12.8;10.11;2.87;41.14
35;150;"08/10/2015";23.254;14.25;10.08;3.16;55.66
35;50;"08/10/2015";23.769;14.02;9.96;3.03;46.75
35;100;"08/10/2015";23.424;14.31;10.03;3.16;47.3
36;150;"08/10/2015";23.228;10.62;9.68;1.98;27.86
36;50;"08/10/2015";23.578;10.37;9.55;1.97;22.72
36;100;"08/10/2015";23.338;10.51;9.61;2;21.56
3;150;"08/10/2015";23.407;11.35;9.92;2.15;36.31
3;50;"08/10/2015";23.905;10.97;9.88;1.83;14.27
3;100;"08/10/2015";23.524;11.24;9.9;2.12;23.41
4;150;"08/10/2015";23.382;12.13;10.18;2.46;39.59
4;50;"08/10/2015";24.063;11.87;10.13;2.1;15.06
4;100;"08/10/2015";23.787;11.89;10.15;2.08;22.83
5;150;"08/10/2015";23.346;12.16;9.78;2.28;45.29
5;50;"08/10/2015";24.093;12.25;9.77;2.29;24.09
5;100;"08/10/2015";23.633;12.29;9.78;2.25;36.64
6;150;"08/10/2015";23.373;13.66;10.22;3;49.71
6;50;"08/10/2015";24.251;12.99;10.17;2.41;27.68
6;100;"08/10/2015";23.635;13.34;10.19;2.63;36.47
7;150;"08/10/2015";23.375;13.03;10.04;2.13;44.55
7;50;"08/10/2015";23.744;13.22;10.03;1.9;16.5
7;100;"08/10/2015";23.525;13.06;10.04;1.99;31.62
8;150;"08/10/2015";23.381;14.73;10.09;2.38;51.81
8;50;"08/10/2015";23.929;14.82;10.11;2.36;29.4
8;100;"08/10/2015";23.556;14.86;10.12;2.34;41
9;150;"08/10/2015";23.364;12.7;10.16;2.83;61.41
9;50;"08/10/2015";24.002;12.21;10.11;2.44;31.47
9;100;"08/10/2015";23.486;12.63;10.15;2.77;46.14
10;150;"08/18/2015";22.522;12.87;10.15;2.87;72.78
10;50;"08/18/2015";23.004;12.6;10.14;2.56;34.55
10;100;"08/18/2015";22.663;12.91;10.16;2.65;46.69
11;150;"08/18/2015";22.515;13.88;10.07;3.32;70.09
11;50;"08/18/2015";22.953;13.85;10.08;3.12;61.19
11;100;"08/18/2015";22.668;14.09;10.09;3.24;72.68
12;150;"08/18/2015";22.53;11.25;9.93;1.82;31.62
12;50;"08/18/2015";22.81;11.54;9.93;1.65;21.77
12;100;"08/18/2015";22.624;11.36;9.93;1.77;27.96
13;150;"08/18/2015";22.533;11.47;9.77;1.8;29.18
13;50;"08/18/2015";22.849;11.39;9.76;1.68;14.8
13;100;"08/18/2015";22.647;11.46;9.77;1.72;18.3
14;150;"08/18/2015";22.542;10.57;9.44;2.43;44.89
14;50;"08/18/2015";22.92;10.59;9.43;2.32;25.2
14;100;"08/18/2015";22.672;10.59;9.44;2.37;37.47
15;150;"08/18/2015";22.58;13.2;10.17;2.5;55.85
15;50;"08/18/2015";22.782;13.13;10.17;2.27;34.58
15;100;"08/18/2015";22.627;13.17;10.17;2.35;40.33
16;150;"08/18/2015";22.519;11.38;9.84;1.58;31.84
16;50;"08/18/2015";22.77;11.47;9.84;1.66;32.43
16;100;"08/18/2015";22.644;11.5;9.86;1.59;31.16
17;150;"08/18/2015";22.505;13.16;9.89;2.88;69.02
17;50;"08/18/2015";22.941;13.04;9.88;2.69;55.45
17;100;"08/18/2015";22.644;13.22;9.9;2.76;61.83
18;150;"08/18/2015";22.558;14.14;10.34;3.26;55.42
18;50;"08/18/2015";22.813;14.05;10.34;3.1;56.99
18;100;"08/18/2015";22.626;14.12;10.34;3.1;59.91
19;150;"08/18/2015";22.518;13.51;10.28;2.7;72.44
19;50;"08/18/2015";22.806;13.49;10.3;2.5;56.66
19;100;"08/18/2015";22.636;13.61;10.3;2.52;65.21
1;150;"08/18/2015";22.502;12.85;9.69;3.19;57.88
1;50;"08/18/2015";22.816;11.55;8.4;2.95;36.63
1;100;"08/18/2015";22.62;12.86;9.64;3.21;55.11
20;150;"08/18/2015";22.515;12.49;9.9;3.18;62.04
20;50;"08/18/2015";22.908;12.5;9.89;2.72;45.54
20;100;"08/18/2015";22.649;12.57;9.91;2.74;52.81
21;150;"08/18/2015";22.515;12.68;10.19;3.14;63.36
21;50;"08/18/2015";22.877;12.42;10.15;2.71;52.26
21;100;"08/18/2015";22.637;12.67;10.19;3.12;58.69
22;150;"08/18/2015";22.531;12.46;10.13;1.98;41.01
22;50;"08/18/2015";22.908;12.32;10.14;2.04;39.06
22;100;"08/18/2015";22.704;12.45;10.14;2.01;35.39
23;150;"08/18/2015";22.561;10.68;9.5;1.66;26.78
23;50;"08/18/2015";22.816;10.91;9.53;1.68;16.39
23;100;"08/18/2015";22.697;10.83;9.52;1.68;17.7
24;150;"08/18/2015";22.573;12.52;10.01;2.59;62.54
24;50;"08/18/2015";22.916;12.3;9.97;2.38;38.86
24;100;"08/18/2015";22.696;12.54;10.01;2.51;54.01
25;150;"08/18/2015";22.535;11.97;10.05;2.71;48.56
25;50;"08/18/2015";22.858;11.98;10.05;2.21;29.51
25;100;"08/18/2015";22.663;12.03;10.06;2.18;34.96
26;150;"08/18/2015";22.553;10.12;9.47;1.19;17.09
26;50;"08/18/2015";22.79;10.49;9.5;1.3;14.82
26;100;"08/18/2015";22.667;10.32;9.49;1.18;14.24
27;150;"08/18/2015";22.582;12.39;10.05;2.22;32.26
27;50;"08/18/2015";22.832;12.28;10.04;2.07;21.92
27;100;"08/18/2015";22.689;12.38;10.05;2.17;28.22
28;150;"08/18/2015";22.531;10.48;9.69;1.46;31.69
28;50;"08/18/2015";22.84;10.74;9.7;1.43;25.95
28;100;"08/18/2015";22.626;10.59;9.7;1.38;26.15
29;150;"08/18/2015";22.527;14.39;10.28;3.08;76.09
29;50;"08/18/2015";23.015;14.13;10.27;2.88;62.38
29;100;"08/18/2015";22.698;14.48;10.29;2.89;59.07
2;150;"08/18/2015";22.509;11.37;9.6;2.06;33.34
2;50;"08/18/2015";22.676;11.44;9.52;1.91;20.46
2;100;"08/18/2015";22.615;11.41;9.52;2;26.02
30;150;"08/18/2015";22.554;12.48;10.05;2.03;40.3
30;50;"08/18/2015";22.838;12.62;10.06;1.92;35.19
30;100;"08/18/2015";22.644;12.59;10.06;1.9;35.4
31;150;"08/18/2015";22.549;11.47;9.97;2.6;76.41
31;50;"08/18/2015";22.994;11.33;9.94;2.36;50.49
31;100;"08/18/2015";22.743;11.56;9.98;2.76;59.94
32;150;"08/18/2015";22.594;13.28;10.07;2.37;52.56
32;50;"08/18/2015";22.804;13.41;10.1;1.97;46.96
32;100;"08/18/2015";22.659;13.45;10.1;2.14;46.86
33;150;"08/18/2015";22.573;11.93;9.85;1.6;36.05
33;50;"08/18/2015";22.772;12.19;9.88;1.68;32.15
33;100;"08/18/2015";22.663;12.06;9.87;1.64;35.54
34;150;"08/18/2015";22.551;12.75;10.24;3.07;59.77
34;50;"08/18/2015";23.026;12.51;10.22;2.47;42.33
34;100;"08/18/2015";22.723;12.74;10.24;2.77;50.27
35;150;"08/18/2015";22.539;14.38;10.34;4.26;75.48
35;50;"08/18/2015";23.016;14;10.29;3.4;54.07
35;100;"08/18/2015";22.67;14.42;10.33;3.88;69.38
36;150;"08/18/2015";22.573;11.76;9.99;2.67;48.86
36;50;"08/18/2015";22.891;11.8;9.97;2.46;49.43
36;100;"08/18/2015";22.71;11.77;9.99;2.59;44.57
3;150;"08/18/2015";22.513;10.68;9.7;1.68;27.99
3;50;"08/18/2015";22.637;10.86;9.67;1.68;18.08
3;100;"08/18/2015";22.551;10.74;9.65;1.64;23.28
4;150;"08/18/2015";22.503;11.37;9.97;2.71;43.56
4;50;"08/18/2015";22.866;11.18;9.91;2.39;31.51
4;100;"08/18/2015";22.667;11.36;9.96;2.53;38.69
5;150;"08/18/2015";22.513;10.44;9.5;1.87;23.78
5;50;"08/18/2015";22.851;10.54;9.51;1.72;14.89
5;100;"08/18/2015";22.657;10.49;9.48;1.77;17.91
6;150;"08/18/2015";22.496;13.87;10.24;3.08;54.53
6;50;"08/18/2015";22.835;13.4;10.22;2.66;28.9
6;100;"08/18/2015";22.614;13.89;10.25;2.87;50.15
7;150;"08/18/2015";22.546;11.65;9.87;2.27;43.75
7;50;"08/18/2015";22.822;11.57;9.85;1.94;28.41
7;100;"08/18/2015";22.646;11.66;9.86;2.03;33.46
8;150;"08/18/2015";22.565;13.07;9.99;2.03;39.33
8;50;"08/18/2015";22.891;13.11;9.99;1.82;28.29
8;100;"08/18/2015";22.667;13.19;10;1.85;28.94
9;150;"08/18/2015";22.55;13.08;10.18;2.96;45.28
9;50;"08/18/2015";22.867;12.99;10.17;2.91;44.78
9;100;"08/18/2015";22.661;13.08;10.18;2.84;47.34
10;150;"08/26/2015";20.535;13.5;9.92;3.46;58.37
10;50;"08/26/2015";20.585;13.48;9.85;3.39;37.57
10;100;"08/26/2015";20.562;13.54;9.9;3.5;54.21
11;150;"08/26/2015";20.671;13.57;10.05;3.4;79.13
11;50;"08/26/2015";20.716;13.25;10.05;3.44;55.06
11;100;"08/26/2015";20.702;13.63;10.06;3.42;71.03
12;150;"08/26/2015";20.583;11.7;9.91;2.56;41.77
12;50;"08/26/2015";20.654;12.09;9.95;2.39;23.83
12;100;"08/26/2015";20.633;12.07;9.95;2.4;39.67
13;150;"08/26/2015";20.588;11.15;9.61;2.41;32.94
13;50;"08/26/2015";20.651;11.33;9.46;2.44;14.18
13;100;"08/26/2015";20.64;11.23;9.56;2.41;20.19
14;150;"08/26/2015";20.636;9.53;9.1;1.86;22.39
14;50;"08/26/2015";20.681;9.68;9.25;1.91;13.65
14;100;"08/26/2015";20.672;9.65;9.18;1.93;18.76
15;150;"08/26/2015";20.607;12.72;10.1;2.81;42.1
15;50;"08/26/2015";20.671;12.76;10.12;2.81;22.32
15;100;"08/26/2015";20.646;12.76;10.1;2.75;36.62
16;150;"08/26/2015";20.516;12.51;9.92;2.66;42.67
16;50;"08/26/2015";20.555;12.46;9.95;2.67;14.9
16;100;"08/26/2015";20.543;12.51;9.94;2.58;33.95
17;150;"08/26/2015";20.512;12.61;9.8;2.9;56.4
17;50;"08/26/2015";20.567;12.64;9.82;2.88;20
17;100;"08/26/2015";20.527;12.65;9.8;2.93;48.97
18;150;"08/26/2015";20.516;13.36;10.28;3.82;61.35
18;50;"08/26/2015";20.589;13.52;10.33;3.64;39.93
18;100;"08/26/2015";20.567;13.56;10.32;3.65;49.92
19;150;"08/26/2015";20.492;12.8;10.21;3.17;68.64
19;50;"08/26/2015";20.539;12.79;10.23;3.27;63.87
19;100;"08/26/2015";20.518;12.85;10.21;3.21;62.55
1;150;"08/25/2015";20.731;13.93;10.21;4.32;78.1
1;50;"08/25/2015";21.078;13.81;10;3.59;66.5
1;100;"08/25/2015";20.914;14.13;10.11;3.65;64.03
20;150;"08/26/2015";20.497;11.93;9.77;3.1;58.16
20;50;"08/26/2015";20.541;12.02;9.78;3.15;47.38
20;100;"08/26/2015";20.509;11.97;9.78;3.03;53.21
21;150;"08/26/2015";20.443;12.43;10.13;3.89;67.16
21;50;"08/26/2015";20.484;12.46;10.14;3.72;51.32
21;100;"08/26/2015";20.461;12.47;10.13;3.72;61.64
22;150;"08/26/2015";20.491;12.55;10.06;3.21;87.91
22;50;"08/26/2015";20.634;12.62;10.08;3.36;35.82
22;100;"08/26/2015";20.551;12.67;10.08;3.26;58.51
23;150;"08/26/2015";20.684;10.89;9.41;2.28;35.53
23;50;"08/26/2015";20.811;11.19;9.45;2.27;11.32
23;100;"08/26/2015";20.724;10.96;9.41;2.21;27.45
24;150;"08/26/2015";20.53;14.11;10.11;3.85;73.02
24;50;"08/26/2015";20.614;14.07;10.16;3.79;55.89
24;100;"08/26/2015";20.576;14.21;10.13;3.82;72.93
25;150;"08/26/2015";20.537;12.71;10.08;3.14;64.67
25;50;"08/26/2015";20.673;12.43;10.07;3.2;26.26
25;100;"08/26/2015";20.621;12.81;10.09;3.23;46.1
26;150;"08/26/2015";20.72;10.6;9.43;1.8;24.92
26;50;"08/26/2015";20.848;10.91;9.46;1.9;14.1
26;100;"08/26/2015";20.796;10.75;9.46;1.87;21.11
27;150;"08/26/2015";20.612;12.25;9.94;3.3;56.36
27;50;"08/26/2015";20.737;12.37;9.96;3.09;35.56
27;100;"08/26/2015";20.706;12.33;9.96;3.13;41.6
28;150;"08/26/2015";20.531;11.89;9.75;2.78;60.44
28;50;"08/26/2015";20.624;11.7;9.76;2.68;42.01
28;100;"08/26/2015";20.568;11.97;9.75;2.72;50.39
29;150;"08/26/2015";20.644;13.68;10.2;2.94;62.87
29;50;"08/26/2015";20.771;13.54;10.2;2.95;57.28
29;100;"08/26/2015";20.676;13.75;10.21;2.96;64.47
2;150;"08/25/2015";20.908;11.74;9.63;2.83;39.01
2;50;"08/25/2015";21.081;11.89;9.62;2.54;26.06
2;100;"08/25/2015";21.017;11.8;9.62;2.58;36.23
30;150;"08/26/2015";20.58;14.13;10.2;3.64;76.23
30;50;"08/26/2015";20.667;14.49;10.26;3.28;50.44
30;100;"08/26/2015";20.641;14.53;10.24;3.2;63.52
31;150;"08/26/2015";20.468;10.48;9.73;2.08;31.73
31;50;"08/26/2015";20.595;10.52;9.75;2.45;22.33
31;100;"08/26/2015";20.525;10.55;9.74;2.28;32.58
32;150;"08/26/2015";20.646;13.3;10.05;2.64;61.41
32;50;"08/26/2015";20.817;13.24;10.07;2.55;21.47
32;100;"08/26/2015";20.747;13.58;10.08;2.47;50.04
33;150;"08/26/2015";20.609;12.79;9.93;2.48;39.55
33;50;"08/26/2015";20.73;12.9;9.95;2.46;16.29
33;100;"08/26/2015";20.661;12.86;9.94;2.36;31.27
34;150;"08/26/2015";20.469;12.87;10.26;3.73;63.55
34;50;"08/26/2015";20.662;12.73;10.25;3.97;23.85
34;100;"08/26/2015";20.509;12.9;10.26;3.82;61.41
35;150;"08/26/2015";20.486;13.34;10.28;3.51;70.91
35;50;"08/26/2015";20.682;13.36;10.29;3.47;25.55
35;100;"08/26/2015";20.579;13.42;10.29;3.28;41.36
36;150;"08/26/2015";20.464;12.6;10.05;3.42;50.65
36;50;"08/26/2015";20.617;12.65;10.05;3.4;20.07
36;100;"08/26/2015";20.541;12.62;10.06;3.52;33.55
3;150;"08/25/2015";20.903;12.85;9.93;2.68;45.68
3;50;"08/25/2015";21.034;12.68;9.92;2.66;34.91
3;100;"08/25/2015";20.999;12.82;9.93;2.63;41.55
4;150;"08/25/2015";20.834;12.38;10.05;3.46;55.8
4;50;"08/25/2015";21.145;12.34;10.06;3.24;49.13
4;100;"08/25/2015";21.048;12.47;10.06;3.42;56.82
5;150;"08/25/2015";20.909;10.7;9.47;2.58;42.63
5;50;"08/25/2015";21.313;11.07;9.52;2.57;40.89
5;100;"08/25/2015";21.223;11.01;9.51;2.55;48.44
6;150;"08/25/2015";20.855;15.29;10.42;4.48;92.87
6;50;"08/25/2015";21.124;14.99;10.43;3.88;72.68
6;100;"08/25/2015";21.045;15.52;10.44;3.83;80.15
7;150;"08/25/2015";20.886;12.98;10.08;3.51;63.01
7;50;"08/25/2015";21.129;13.27;10.13;3.16;59.25
7;100;"08/25/2015";21.12;13.49;10.11;3.13;65.6
8;150;"08/25/2015";21.133;14.59;10.2;2.53;45.33
8;50;"08/25/2015";21.436;14.54;10.22;2.25;47.25
8;100;"08/25/2015";21.366;14.75;10.22;2.29;50.11
9;150;"08/25/2015";20.939;13.34;10.23;3.69;69.59
9;50;"08/25/2015";21.152;13.41;10.22;3.59;64.38
9;100;"08/25/2015";21.054;13.41;10.24;3.67;65
10;150;"08/31/2015";21.894;14.79;10.51;3.55;68.94
10;50;"08/31/2015";22.686;13.26;10.34;1.87;10.32
10;100;"08/31/2015";22.444;14.22;10.4;2.3;31
11;150;"08/31/2015";21.8;14.73;10.32;3.01;66.5
11;50;"08/31/2015";22.64;12.52;10.06;2.05;31.63
11;100;"08/31/2015";22.02;14.08;10.31;2.68;50.71
12;150;"08/31/2015";21.919;13.45;10.24;3.29;47.76
12;50;"08/31/2015";22.844;12.46;10.09;1.65;11
12;100;"08/31/2015";22.121;13.55;10.24;3.04;41
13;150;"08/31/2015";21.897;12.04;9.92;2.76;43
13;50;"08/31/2015";22.813;11.81;9.86;1.93;10.74
13;100;"08/31/2015";22.495;11.93;9.88;2.24;27.09
14;150;"08/31/2015";21.843;10.14;9.3;2.07;33.47
14;50;"08/31/2015";22.66;9.92;9.17;1.27;13.87
14;100;"08/31/2015";22.117;10.03;9.22;1.77;28.17
15;150;"08/31/2015";21.947;14.25;10.41;3.57;55.55
15;50;"08/31/2015";22.843;12.61;10.21;2.19;17.62
15;100;"08/31/2015";22.147;14.07;10.37;3;36.02
16;150;"08/31/2015";21.931;13.88;10.27;2.39;41.87
16;50;"08/31/2015";22.889;12.44;10.1;1.57;17.06
16;100;"08/31/2015";22.402;13.46;10.22;1.84;24.93
17;150;"08/31/2015";21.884;13.82;10.12;3.08;58.65
17;50;"08/31/2015";22.75;12.31;9.91;1.46;11.66
17;100;"08/31/2015";22.106;13.56;10.09;2.44;41.01
18;150;"08/31/2015";21.964;14.05;10.51;3.92;56.33
18;50;"08/31/2015";22.867;12.39;10.27;2.23;10.89
18;100;"08/31/2015";22.207;14.02;10.5;3.45;39.99
19;150;"08/31/2015";21.999;14.12;10.48;3.59;81.48
19;50;"08/31/2015";22.936;12.83;10.3;2.27;24.62
19;100;"08/31/2015";22.212;14.19;10.44;3.12;59.21
1;150;"08/31/2015";21.944;14.28;10.38;4.24;82.53
1;50;"08/31/2015";22.772;12.58;10.17;1.83;29.85
1;100;"08/31/2015";22.267;14.24;10.4;3.09;48.67
20;150;"08/31/2015";21.921;12.67;10;2.58;50.55
20;50;"08/31/2015";22.809;11.61;9.82;1.32;14.02
20;100;"08/31/2015";22.198;12.48;10;2.13;26.8
21;150;"08/31/2015";22.026;14.68;10.53;4.45;70.82
21;50;"08/31/2015";22.816;13.04;10.31;2.53;29.49
21;100;"08/31/2015";22.453;14.13;10.41;3.67;63.49
22;150;"08/31/2015";21.922;13.76;10.35;4.11;72.54
22;50;"08/31/2015";22.88;12.73;10.2;2.53;26.1
22;100;"08/31/2015";22.263;14.02;10.37;3.21;36.65
23;150;"08/31/2015";21.847;10.99;9.56;2.22;40.87
23;50;"08/31/2015";22.955;10.49;9.42;1.43;8.48
23;100;"08/31/2015";22.171;10.83;9.5;1.77;18.13
24;150;"08/31/2015";21.958;16.09;10.53;4.51;85.93
24;50;"08/31/2015";22.875;13.71;10.25;2.33;24.3
24;100;"08/31/2015";22.316;15.4;10.52;3.65;64.32
25;150;"08/31/2015";21.898;14.31;10.4;3.68;69.03
25;50;"08/31/2015";22.91;13.23;10.26;2.33;17.92
25;100;"08/31/2015";22.167;14.38;10.39;3.55;52.47
26;150;"08/31/2015";21.834;10.54;9.54;1.71;23.89
26;50;"08/31/2015";22.993;10.69;9.49;1.34;10.9
26;100;"08/31/2015";22.093;10.68;9.53;1.37;12.89
27;150;"08/31/2015";21.934;14.07;10.31;3.55;59.43
27;50;"08/31/2015";22.984;12.97;10.14;2.32;31.66
27;100;"08/31/2015";22.412;13.85;10.22;3;31.33
28;150;"08/31/2015";21.928;13.47;10.04;3.5;62.69
28;50;"08/31/2015";23.018;12.64;9.93;1.98;19.01
28;100;"08/31/2015";22.424;13.22;10.01;2.27;33.27
29;150;"08/31/2015";21.857;13.96;10.35;2.76;52.54
29;50;"08/31/2015";22.793;12.05;10.1;1.93;21.3
29;100;"08/31/2015";22.37;13.32;10.35;2.37;48.95
2;150;"08/31/2015";21.893;11.78;9.8;2.44;24.44
2;50;"08/31/2015";22.734;11.1;9.62;1.18;11.54
2;100;"08/31/2015";22.027;11.74;9.78;2.5;23.27
30;150;"08/31/2015";22.258;16.34;10.6;2.96;44.75
30;50;"08/31/2015";22.876;14.88;10.45;1.75;14.65
30;100;"08/31/2015";22.385;15.73;10.58;2.49;37.46
31;150;"08/31/2015";21.99;11.31;9.91;2.93;45.87
31;50;"08/31/2015";22.975;11.48;9.86;2.39;19.9
31;100;"08/31/2015";22.295;11.46;9.9;2.53;17
32;150;"08/31/2015";21.831;14.35;10.28;2.02;42.35
32;50;"08/31/2015";22.911;12.68;10.05;1.21;9.04
32;100;"08/31/2015";22.345;14.02;10.28;1.41;22.77
33;150;"08/31/2015";21.93;13.89;10.18;2.53;32.02
33;50;"08/31/2015";22.94;12.47;9.98;1.54;13.17
33;100;"08/31/2015";22.242;13.54;10.17;2.19;17.72
34;150;"08/31/2015";22.071;14.69;10.53;3.66;61.67
34;50;"08/31/2015";22.997;12.83;10.3;2.42;12.33
34;100;"08/31/2015";22.611;13.9;10.38;2.8;38.1
35;150;"08/31/2015";22.001;14.04;10.45;3.04;46.81
35;50;"08/31/2015";22.997;11.98;10.18;1.91;11.68
35;100;"08/31/2015";22.351;13.61;10.42;2.78;34.82
36;150;"08/31/2015";22.06;13.91;10.28;3.86;60.08
36;50;"08/31/2015";22.86;12.43;10.07;2.02;17.99
36;100;"08/31/2015";22.493;13.41;10.22;2.95;38.72
3;150;"08/31/2015";21.936;13.87;10.2;2.87;45.48
3;50;"08/31/2015";22.811;12.43;10.02;1.67;16.4
3;100;"08/31/2015";22.106;13.55;10.15;2.53;34.21
4;150;"08/31/2015";21.896;12.54;10.17;3.87;61.32
4;50;"08/31/2015";22.74;11.34;9.98;1.88;8.52
4;100;"08/31/2015";22.275;12.37;10.12;3.17;47.73
5;150;"08/31/2015";21.827;10.72;9.56;7.7;62.82
5;50;"08/31/2015";22.689;10.53;9.48;1.66;20.1
5;100;"08/31/2015";22.368;10.8;9.5;2.01;36.95
6;150;"08/31/2015";21.884;16.49;10.69;4.81;96.79
6;50;"08/31/2015";22.723;13.96;10.47;2.39;20.33
6;100;"08/31/2015";22.254;16.03;10.68;3.42;57.36
7;150;"08/31/2015";21.857;13.92;10.27;3.95;66.82
7;50;"08/31/2015";22.818;13.26;10.19;2.27;23.43
7;100;"08/31/2015";22.145;14.17;10.29;3.37;66.28
8;150;"08/31/2015";21.793;14.24;10.28;2.58;51.09
8;50;"08/31/2015";22.851;12.62;10.06;1.51;11.13
8;100;"08/31/2015";22.138;13.91;10.28;2.08;34.26
9;150;"08/31/2015";21.92;13.63;10.36;3.73;59.68
9;50;"08/31/2015";22.727;12.22;10.15;2.32;14.36
9;100;"08/31/2015";22.281;13.26;10.24;3.19;43.55
10;150;"09/11/2015";18.94;14.7;10.09;3.73;53.74
10;50;"09/11/2015";18.944;14.57;10.04;3.91;64.47
10;100;"09/11/2015";18.945;14.68;10.06;3.65;67.08
11;150;"09/10/2015";19.163;13.47;10.16;3.54;51.09
11;50;"09/10/2015";19.745;13.26;10.11;3.19;27.9
11;100;"09/10/2015";19.389;13.49;10.15;3.03;45.12
12;150;"09/10/2015";19.27;16.82;10.58;4;64.47
12;50;"09/10/2015";19.441;16.67;10.55;4;54.14
12;100;"09/10/2015";19.333;16.78;10.57;4.09;69.22
13;150;"09/11/2015";19.046;11.52;9.62;2.05;17.81
13;50;"09/11/2015";19.048;11.72;9.51;2.06;14.32
13;100;"09/11/2015";19.052;11.53;9.56;2.03;21.58
14;150;"09/10/2015";19.207;10.34;9.15;0.93;12.57
14;50;"09/10/2015";19.745;10.54;9.24;0.92;3.66
14;100;"09/10/2015";19.304;10.39;9.15;0.93;10.24
15;150;"09/10/2015";19.282;14.25;10.41;2.82;25.09
15;50;"09/10/2015";19.423;14.35;10.4;2.71;18.56
15;100;"09/10/2015";19.419;14.29;10.41;2.68;21.53
16;150;"09/10/2015";19.214;13.22;10.21;1.8;22.38
16;50;"09/10/2015";19.514;13.43;10.21;1.74;19.29
16;100;"09/10/2015";19.274;13.16;10.22;1.79;15.05
17;150;"09/10/2015";19.143;13.98;10.17;2.29;52.31
17;50;"09/10/2015";19.515;14.08;10.17;2.2;31.93
17;100;"09/10/2015";19.299;14.05;10.17;2.25;46.46
18;150;"09/10/2015";19.284;16.33;10.67;3.16;53.11
18;50;"09/10/2015";19.442;16.03;10.66;2.92;45.95
18;100;"09/10/2015";19.313;16.26;10.66;3.04;52.34
19;150;"09/11/2015";18.993;12.9;10.17;2.7;97.54
19;50;"09/11/2015";18.922;12.76;10.09;2.7;55.79
19;100;"09/11/2015";18.999;12.88;10.16;2.69;56.86
1;150;"09/10/2015";19.115;14.52;10.02;3.16;60.35
1;50;"09/10/2015";19.598;13.27;9.48;2.89;19.83
1;100;"09/10/2015";19.38;14.25;9.89;2.84;19.81
20;150;"09/11/2015";18.884;11.76;9.7;1.87;25.49
20;50;"09/11/2015";18.891;11.9;9.75;2.1;23.3
20;100;"09/11/2015";18.889;11.77;9.71;1.87;23.8
21;150;"09/11/2015";18.874;14.09;10.41;4;57.02
21;50;"09/11/2015";18.872;13.7;10.39;4.16;52.94
21;100;"09/11/2015";18.875;14.05;10.41;4.11;57.11
22;150;"09/11/2015";18.921;13.72;10.29;2.48;42.24
22;50;"09/11/2015";18.901;13.44;10.3;2.46;40.5
22;100;"09/11/2015";18.915;13.68;10.3;2.61;43.61
23;150;"09/11/2015";19.004;10.47;9.3;1.14;15
23;50;"09/11/2015";19.008;10.77;9.36;1.22;9.45
23;100;"09/11/2015";19.004;10.49;9.3;1.21;13.01
24;150;"09/11/2015";18.88;14.5;10.37;3.04;52.47
24;50;"09/11/2015";18.883;14.21;10.36;3.1;49.51
24;100;"09/11/2015";18.883;14.46;10.38;3.11;52.59
25;150;"09/11/2015";19.015;13.82;10.39;2.8;33.48
25;50;"09/11/2015";18.981;13.4;10.39;2.81;23.86
25;100;"09/11/2015";19.016;13.81;10.39;2.7;34.42
26;150;"09/11/2015";18.996;10.57;9.38;0.99;11.09
26;50;"09/11/2015";18.987;11.16;9.47;1.02;5.3
26;100;"09/11/2015";18.995;10.6;9.39;1.04;9.01
27;150;"09/11/2015";18.982;14.05;10.3;3.25;48.57
27;50;"09/11/2015";18.977;13.8;10.28;3.4;26.81
27;100;"09/11/2015";18.984;14.03;10.3;3.2;42.96
28;150;"09/11/2015";19.01;12.34;9.88;1.66;26.24
28;50;"09/11/2015";18.955;12.21;9.9;1.86;26.32
28;100;"09/11/2015";19.017;12.34;9.89;1.74;28.43
29;150;"09/11/2015";18.875;12.55;10.1;2.74;49.07
29;50;"09/11/2015";18.87;12.53;10.1;2.79;35.44
29;100;"09/11/2015";18.876;12.55;10.11;2.83;45.82
2;150;"09/10/2015";19.16;12.48;9.7;1.74;21.48
2;50;"09/10/2015";19.424;12.38;9.68;1.71;7.9
2;100;"09/10/2015";19.294;12.58;9.69;1.75;14.61
30;150;"09/11/2015";18.96;14.69;10.49;3.33;48.03
30;50;"09/11/2015";18.949;14.49;10.49;3.23;40.69
30;100;"09/11/2015";18.962;14.69;10.49;3.28;37.11
31;150;"09/11/2015";18.867;13.17;10.06;3;48.73
31;50;"09/11/2015";18.872;13.01;10.08;3.08;37.97
31;100;"09/11/2015";18.873;13.18;10.07;2.98;45.68
32;150;"09/11/2015";18.983;13.14;10.13;2.36;37.6
32;50;"09/11/2015";18.989;13.15;10.12;2.4;23.21
32;100;"09/11/2015";18.985;13.15;10.13;2.59;35.24
33;150;"09/11/2015";18.92;12.73;10.05;2.02;22.57
33;50;"09/11/2015";18.915;12.79;10.07;2.02;12.68
33;100;"09/11/2015";18.924;12.74;10.05;1.99;17.62
34;150;"09/11/2015";18.88;12.45;10.31;3.38;36.96
34;50;"09/11/2015";18.878;12.15;10.31;3.34;23.92
34;100;"09/11/2015";18.888;12.45;10.31;3.26;42.04
35;150;"09/11/2015";18.87;14.95;10.51;3.32;89.19
35;50;"09/11/2015";18.881;14.62;10.51;3.26;49.33
35;100;"09/11/2015";18.878;14.95;10.51;3.21;107.29
36;150;"09/11/2015";18.834;13.11;10.22;3.3;40.51
36;50;"09/11/2015";18.844;13.34;10.23;3.22;24.7
36;100;"09/11/2015";18.84;13.12;10.23;3.26;40.5
3;150;"09/10/2015";19.216;13.2;10.01;2.28;16.21
3;50;"09/10/2015";19.398;13.17;10;2.38;11.87
3;100;"09/10/2015";19.251;13.22;10;2.39;14.96
4;150;"09/10/2015";19.192;13.32;10.17;3.31;43.66
4;50;"09/10/2015";19.53;13.2;10.14;3.16;27.66
4;100;"09/10/2015";19.394;13.26;10.16;3.22;34.27
5;150;"09/10/2015";19.26;12.1;9.63;2.83;39.35
5;50;"09/10/2015";19.943;11.79;9.62;2.69;14.27
5;100;"09/10/2015";19.366;12.1;9.64;2.83;35.54
6;150;"09/10/2015";19.181;15.82;10.67;3;53.86
6;50;"09/10/2015";19.534;14.92;10.6;2.91;36.42
6;100;"09/10/2015";19.257;15.73;10.64;3.07;45.06
7;150;"09/10/2015";19.185;14.93;10.34;2.83;52.83
7;50;"09/10/2015";19.524;14.78;10.34;2.68;29.74
7;100;"09/10/2015";19.284;15.05;10.34;2.75;44.7
8;150;"09/10/2015";19.25;13.61;10.19;2.5;37.19
8;50;"09/10/2015";19.766;13.26;10.16;2.45;14.82
8;100;"09/10/2015";19.381;13.55;10.18;2.52;31.42
9;150;"09/10/2015";19.208;14.28;10.38;3.34;42.36
9;50;"09/10/2015";19.324;14.37;10.38;3.4;33.61
9;100;"09/10/2015";19.28;14.28;10.37;3.35;51.97
10;150;"09/25/2015";16.59;14.89;10.69;2.08;26.16
10;50;"09/25/2015";16.655;14.72;10.69;1.91;18.47
10;100;"09/25/2015";16.605;14.91;10.69;2.05;21.91
11;150;"09/25/2015";16.561;12.42;9.76;2.87;46.85
11;50;"09/25/2015";16.555;12.1;9.73;2.96;41.51
11;100;"09/25/2015";16.559;12.4;9.76;2.89;50.89
12;150;"09/25/2015";16.603;15.44;10.7;3.24;48.46
12;50;"09/25/2015";16.681;15.3;10.71;3.25;24.75
12;100;"09/25/2015";16.625;15.45;10.7;3.23;37.97
13;150;"09/25/2015";16.603;11.48;9.76;1.65;12.19
13;50;"09/25/2015";16.649;11.57;9.77;1.7;10.56
13;100;"09/25/2015";16.616;11.51;9.76;1.61;9.79
14;150;"09/25/2015";16.55;11.22;9.03;1.3;21.19
14;50;"09/25/2015";16.542;11.11;9.15;1.39;18.27
14;100;"09/25/2015";16.548;11.24;9.09;1.26;19.62
15;150;"09/25/2015";16.611;14;10.42;2.77;41.76
15;50;"09/25/2015";16.669;14.08;10.42;2.84;23.35
15;100;"09/25/2015";16.629;14.06;10.43;2.8;41.88
16;150;"09/25/2015";16.568;12.66;10.16;1.58;18.29
16;50;"09/25/2015";16.634;12.76;10.17;1.76;17.83
16;100;"09/25/2015";16.59;12.72;10.17;1.67;23.43
17;150;"09/25/2015";16.552;13.58;10.22;2.28;43.01
17;50;"09/25/2015";16.662;13.72;10.23;2.41;31.93
17;100;"09/25/2015";16.585;13.62;10.23;2.33;51.24
18;150;"09/25/2015";16.571;17.24;10.89;3.53;72.99
18;50;"09/25/2015";16.668;17.13;10.89;3.36;40.62
18;100;"09/25/2015";16.608;17.3;10.9;3.44;69.24
19;150;"09/25/2015";16.564;12.36;10.12;2.75;48.73
19;50;"09/25/2015";16.556;11.88;10.11;2.87;46.27
19;100;"09/25/2015";16.564;12.33;10.12;2.93;54.08
1;150;"09/25/2015";16.569;14.93;10.58;3.21;63.15
1;50;"09/25/2015";16.621;14.89;10.58;3.14;32.37
1;100;"09/25/2015";16.584;14.96;10.58;3.22;48.58
20;150;"09/25/2015";16.527;10.98;9.56;1.73;18.85
20;50;"09/25/2015";16.542;11.28;9.64;1.65;15.66
20;100;"09/25/2015";16.541;11.16;9.6;1.58;20.22
21;150;"09/25/2015";16.534;14.63;10.59;4.06;68.84
21;50;"09/25/2015";16.54;14.16;10.57;3.95;42.72
21;100;"09/25/2015";16.537;14.62;10.58;3.97;57.41
22;150;"09/25/2015";16.554;13.78;10.36;2.08;39.72
22;50;"09/25/2015";16.557;13.63;10.36;2.17;27.1
22;100;"09/25/2015";16.556;13.78;10.36;2.16;39.51
23;150;"09/25/2015";16.591;10.81;9.06;0.89;17.56
23;50;"09/25/2015";16.563;10.58;8.9;0.95;16.36
23;100;"09/25/2015";16.574;10.81;9.03;0.9;18.92
24;150;"09/25/2015";16.547;14.33;10.42;2.68;44.49
24;50;"09/25/2015";16.557;14.34;10.43;2.58;13.64
24;100;"09/25/2015";16.553;14.35;10.42;2.5;38.68
25;150;"09/25/2015";16.57;13.27;10.32;2.15;26.05
25;50;"09/25/2015";16.579;13.25;10.33;2.21;16.97
25;100;"09/25/2015";16.577;13.28;10.32;2.26;22.43
26;150;"09/25/2015";16.591;11.14;9.29;0.82;10.36
26;50;"09/25/2015";16.586;10.91;9.23;0.87;8.63
26;100;"09/25/2015";16.592;11.12;9.29;0.86;9.56
27;150;"09/25/2015";16.583;13.18;10.24;2.93;36.86
27;50;"09/25/2015";16.589;13.14;10.25;2.92;14.68
27;100;"09/25/2015";16.586;13.19;10.24;2.94;31.51
28;150;"09/25/2015";16.566;12.35;9.89;1.56;23.21
28;50;"09/25/2015";16.594;12.51;9.91;1.56;16.58
28;100;"09/25/2015";16.577;12.38;9.89;1.55;26.2
29;150;"09/25/2015";16.538;13;10.04;3.03;52.95
29;50;"09/25/2015";16.536;12.28;10;3.16;47.64
29;100;"09/25/2015";16.538;12.94;10.06;3.12;48.47
2;150;"09/25/2015";16.59;12.2;9.77;1.07;9.92
2;50;"09/25/2015";16.625;12.49;9.8;1.11;4.14
2;100;"09/25/2015";16.608;12.23;9.78;1.04;6.52
30;150;"09/25/2015";16.564;13.86;10.41;2.93;37.13
30;50;"09/25/2015";16.579;13.81;10.41;2.68;20.34
30;100;"09/25/2015";16.572;13.9;10.41;2.88;35.68
31;150;"09/25/2015";16.54;13.86;10.23;2.69;54.5
31;50;"09/25/2015";16.572;13.9;10.24;2.93;46.08
31;100;"09/25/2015";16.554;13.91;10.23;2.91;52.18
32;150;"09/25/2015";16.57;12.28;9.88;1.95;21.76
32;50;"09/25/2015";16.562;11.96;9.89;1.99;14.8
32;100;"09/25/2015";16.569;12.25;9.89;2.18;24.11
33;150;"09/25/2015";16.552;12.93;10.06;1.72;18.59
33;50;"09/25/2015";16.566;12.93;10.06;1.68;5.92
33;100;"09/25/2015";16.555;12.93;10.05;1.72;10.62
34;150;"09/25/2015";16.545;13.78;10.4;3.64;61.05
34;50;"09/25/2015";16.572;13.74;10.41;3.63;27.79
34;100;"09/25/2015";16.55;13.8;10.4;3.71;50.24
35;150;"09/25/2015";16.541;13.28;10.34;2.98;46.68
35;50;"09/25/2015";16.574;13.26;10.34;3;21
35;100;"09/25/2015";16.557;13.3;10.33;3.1;43.55
36;150;"09/25/2015";16.523;12.91;10.21;3.03;29.91
36;50;"09/25/2015";16.532;12.91;10.22;2.95;14.63
36;100;"09/25/2015";16.524;12.92;10.21;3.05;21.24
3;150;"09/25/2015";16.594;12.83;10.08;1.73;14.93
3;50;"09/25/2015";16.638;12.82;10.08;1.75;6.54
3;100;"09/25/2015";16.604;12.83;10.08;1.76;10.11
4;150;"09/25/2015";16.57;14.26;10.47;2.52;37.71
4;50;"09/25/2015";16.626;14.33;10.47;2.54;25.35
4;100;"09/25/2015";16.585;14.31;10.47;2.47;34.64
5;150;"09/25/2015";16.553;11.36;9.09;1.99;27.13
5;50;"09/25/2015";16.553;11.33;8.96;2.44;22.78
5;100;"09/25/2015";16.553;11.33;9.01;2;27.95
6;150;"09/25/2015";16.563;16.23;10.9;2.29;36.58
6;50;"09/25/2015";16.623;16.05;10.89;2.25;21.45
6;100;"09/25/2015";16.583;16.18;10.9;2.27;49.92
7;150;"09/25/2015";16.591;14.79;10.49;1.92;35.3
7;50;"09/25/2015";16.627;14.78;10.5;1.97;23.33
7;100;"09/25/2015";16.607;14.86;10.5;1.97;35.05
8;150;"09/25/2015";16.612;13.28;9.82;1.84;31.25
8;50;"09/25/2015";16.603;12.84;9.73;1.85;29.91
8;100;"09/25/2015";16.61;13.19;9.8;1.88;32.56
9;150;"09/25/2015";16.573;14.76;10.57;2.4;35.11
9;50;"09/25/2015";16.633;14.84;10.58;2.26;21.63
9;100;"09/25/2015";16.589;14.8;10.57;2.32;29.6
10;150;"10/01/2015";15.232;15.24;10.66;2.45;33.58
10;50;"10/01/2015";15.591;14.65;10.62;2.16;9.19
10;100;"10/01/2015";15.333;15.16;10.65;2.26;26.98
11;150;"10/01/2015";15.227;12.8;9.92;2.52;40.42
11;50;"10/01/2015";15.505;12.87;9.92;2.67;25.16
11;100;"10/01/2015";15.297;12.83;9.92;2.44;28.93
12;150;"10/01/2015";15.336;15.23;10.57;3.02;23.58
12;50;"10/01/2015";15.408;15.01;10.57;3.07;21.64
12;100;"10/01/2015";15.383;15.18;10.57;2.97;22.84
13;150;"10/01/2015";15.33;11.45;9.6;1.16;4.26
13;50;"10/01/2015";15.511;11.56;9.6;1.12;0.95
13;100;"10/01/2015";15.405;11.44;9.6;1.18;2.35
14;150;"10/01/2015";15.253;11.71;9.18;1.3;14.45
14;50;"10/01/2015";15.453;11.69;9.23;1.29;5.16
14;100;"10/01/2015";15.32;11.73;9.19;1.3;10.32
15;150;"10/01/2015";15.367;14.14;10.33;2.95;19.35
15;50;"10/01/2015";15.416;13.88;10.31;2.82;19.2
15;100;"10/01/2015";15.404;14.03;10.31;2.75;17.49
16;150;"10/01/2015";15.229;14.1;10.22;1.83;28.98
16;50;"10/01/2015";15.427;14.04;10.2;1.82;7.72
16;100;"10/01/2015";15.337;14.04;10.2;1.83;14.3
17;150;"10/01/2015";15.221;13.88;10.15;2.25;43.67
17;50;"10/01/2015";15.435;13.95;10.13;2.26;34.51
17;100;"10/01/2015";15.318;13.88;10.14;2.23;38.5
18;150;"10/01/2015";15.317;17.52;10.78;3.63;32.99
18;50;"10/01/2015";15.385;16.88;10.77;3.47;42.63
18;100;"10/01/2015";15.376;17.42;10.76;3.38;36.19
19;150;"10/01/2015";15.222;12.21;9.94;2.34;28.06
19;50;"10/01/2015";15.415;12.26;9.96;2.1;7.63
19;100;"10/01/2015";15.297;12.24;9.94;2.24;13.85
1;150;"10/01/2015";15.237;15.71;10.67;3.16;56.52
1;50;"10/01/2015";15.513;15.46;10.65;3.22;42.23
1;100;"10/01/2015";15.351;15.61;10.66;3.12;49.65
20;150;"10/01/2015";15.18;11.42;9.41;1.47;13.87
20;50;"10/01/2015";15.403;11.85;9.52;1.43;9.33
20;100;"10/01/2015";15.247;11.48;9.43;1.4;13.08
21;150;"10/01/2015";15.203;14.9;10.47;3.76;21.89
21;50;"10/01/2015";15.274;14.79;10.46;3.68;26.69
21;100;"10/01/2015";15.245;14.86;10.46;3.65;24.32
22;150;"10/01/2015";15.206;14.51;10.29;2.33;34.43
22;50;"10/01/2015";15.421;14.33;10.28;2.28;16.95
22;100;"10/01/2015";15.31;14.47;10.28;2.2;26.61
23;150;"10/01/2015";15.337;11.93;9.22;1.35;20.71
23;50;"10/01/2015";15.533;11.89;9.26;1.35;7.86
23;100;"10/01/2015";15.396;11.9;9.22;1.32;15.73
24;150;"10/01/2015";15.255;15.16;10.33;2.65;23
24;50;"10/01/2015";15.338;14.84;10.33;2.6;24.76
24;100;"10/01/2015";15.276;15.11;10.31;2.57;22.25
25;150;"10/01/2015";15.26;13.68;10.14;2.37;20.28
25;50;"10/01/2015";15.435;13.57;10.13;2.11;6.4
25;100;"10/01/2015";15.333;13.65;10.12;2.17;11.65
26;150;"10/01/2015";15.35;12.01;9.33;0.94;8.65
26;50;"10/01/2015";15.443;12.25;9.41;0.93;3.54
26;100;"10/01/2015";15.417;12.05;9.33;0.88;5.2
27;150;"10/01/2015";15.353;13.96;10.12;2.97;14.86
27;50;"10/01/2015";15.393;13.7;10.12;2.92;18.16
27;100;"10/01/2015";15.401;13.9;10.1;2.81;16.03
28;150;"10/01/2015";15.277;13.4;9.79;1.82;22.68
28;50;"10/01/2015";15.459;13.32;9.81;1.74;5.61
28;100;"10/01/2015";15.334;13.34;9.79;1.72;12.35
29;150;"10/01/2015";15.231;14.08;10.04;3.68;52.88
29;50;"10/01/2015";15.461;14.06;10.07;3.4;19.27
29;100;"10/01/2015";15.349;14.13;10.07;3.3;41.98
2;150;"10/01/2015";15.266;13.15;9.87;0.92;9.75
2;50;"10/01/2015";15.389;13.25;9.87;0.95;5.73
2;100;"10/01/2015";15.292;13.17;9.87;0.91;6.63
30;150;"10/01/2015";15.336;14.97;10.29;3.19;17.17
30;50;"10/01/2015";15.375;14.65;10.29;2.78;25.16
30;100;"10/01/2015";15.368;14.91;10.28;2.88;17.06
31;150;"10/01/2015";15.213;14.88;10.15;2.59;44.4
31;50;"10/01/2015";15.422;14.69;10.15;2.89;15.25
31;100;"10/01/2015";15.31;14.86;10.15;2.75;37.36
32;150;"10/01/2015";15.312;12.65;9.76;1.67;11.48
32;50;"10/01/2015";15.417;12.6;9.76;1.64;4.98
32;100;"10/01/2015";15.369;12.62;9.76;1.72;5.94
33;150;"10/01/2015";15.312;13.77;9.96;1.57;7.26
33;50;"10/01/2015";15.344;13.67;9.94;1.55;9.55
33;100;"10/01/2015";15.336;13.72;9.94;1.56;8.65
34;150;"10/01/2015";15.235;15.43;10.41;3.62;57.04
34;50;"10/01/2015";15.378;15.24;10.39;3.52;31.89
34;100;"10/01/2015";15.278;15.39;10.4;3.72;51.16
35;150;"10/01/2015";15.174;13.27;10.1;3.19;36.28
35;50;"10/01/2015";15.328;13.14;9.92;2.77;20.78
35;100;"10/01/2015";15.212;13.19;10.02;2.91;23.02
36;150;"10/01/2015";15.186;13.1;9.91;3.17;16.65
36;50;"10/01/2015";15.239;13.03;9.82;3.01;12.32
36;100;"10/01/2015";15.196;13.05;9.9;2.91;18.29
3;150;"10/01/2015";15.288;13.66;10.14;1.76;16.05
3;50;"10/01/2015";15.333;13.83;10.17;1.81;12.05
3;100;"10/01/2015";15.313;13.73;10.15;1.81;12.28
4;150;"10/01/2015";15.236;14.94;10.55;2.78;36.33
4;50;"10/01/2015";15.597;14.93;10.54;2.56;10.63
4;100;"10/01/2015";15.336;14.92;10.54;2.63;29.49
5;150;"10/01/2015";15.233;12.04;9.49;1.91;20.86
5;50;"10/01/2015";15.588;12.17;9.54;1.73;9.47
5;100;"10/01/2015";15.316;12.06;9.49;1.83;17.05
6;150;"10/01/2015";15.27;16.89;10.96;3.21;36.81
6;50;"10/01/2015";15.374;16.62;10.94;3.16;29.73
6;100;"10/01/2015";15.315;16.81;10.95;3.18;30.22
7;150;"10/01/2015";15.292;15.63;10.58;2.13;37.37
7;50;"10/01/2015";15.467;15.61;10.56;2.02;11.36
7;100;"10/01/2015";15.368;15.63;10.57;2.11;16.68
8;150;"10/01/2015";15.347;14.54;10.2;1.68;26.16
8;50;"10/01/2015";15.574;14.43;10.2;1.64;12.36
8;100;"10/01/2015";15.436;14.49;10.19;1.66;16.47
9;150;"10/01/2015";15.254;15;10.57;2.07;20.12
9;50;"10/01/2015";15.353;14.85;10.57;2.08;17.4
9;100;"10/01/2015";15.29;14.96;10.57;2.08;19.75
10;150;"10/21/2015";11.539;14.12;10.52;1.99;24.44
10;50;"10/21/2015";11.744;13.87;10.5;1.94;20.27
10;100;"10/21/2015";11.669;14.06;10.5;1.96;30
11;150;"10/21/2015";11.496;13.65;9.97;1.95;42.37
11;50;"10/21/2015";11.825;13.62;9.98;1.83;26.47
11;100;"10/21/2015";11.62;13.68;9.97;1.87;43.4
12;150;"10/21/2015";11.611;13.03;10.18;2.54;21.75
12;50;"10/21/2015";11.742;13.19;10.17;2.46;10.56
12;100;"10/21/2015";11.666;13.08;10.19;2.46;15.58
13;150;"10/21/2015";11.568;10.71;9.22;1.09;4.29
13;50;"10/21/2015";11.714;10.8;9.19;0.99;0.88
13;100;"10/21/2015";11.592;10.66;9.21;0.99;3.5
14;150;"10/21/2015";11.495;10.76;8.73;1.1;6.55
14;50;"10/21/2015";11.826;10.85;8.81;1.08;3.52
14;100;"10/21/2015";11.593;10.78;8.77;1.07;5.02
15;150;"10/21/2015";11.639;11.64;9.86;2.51;13.52
15;50;"10/21/2015";11.739;11.64;9.84;2.59;11.19
15;100;"10/21/2015";11.668;11.64;9.86;2.47;11.7
16;150;"10/21/2015";11.602;14.14;10.29;1.64;61.31
16;50;"10/21/2015";11.722;14.09;10.29;1.76;31.25
16;100;"10/21/2015";11.618;14.12;10.29;1.72;34.18
17;150;"10/21/2015";11.534;12.87;10.01;1.33;21.21
17;50;"10/21/2015";11.808;13.24;10.03;1.44;18.61
17;100;"10/21/2015";11.621;12.9;10.01;1.28;18.65
18;150;"10/21/2015";11.648;14.19;10.61;2.54;28.63
18;50;"10/21/2015";11.746;13.81;10.59;2.49;19.56
18;100;"10/21/2015";11.673;14.17;10.61;2.62;29.46
19;150;"10/21/2015";11.6;9.8;9.41;1.82;15.27
19;50;"10/21/2015";11.712;9.95;9.45;1.71;8.15
19;100;"10/21/2015";11.625;9.81;9.42;1.81;11.23
1;150;"10/21/2015";11.575;13.87;10.28;2.52;41.01
1;50;"10/21/2015";11.711;13.7;10.17;2.4;32.5
1;100;"10/21/2015";11.646;13.84;10.2;2.41;32.84
20;150;"10/21/2015";11.559;10.14;8.89;1.74;12.79
20;50;"10/21/2015";11.892;10.19;9;1.66;7.44
20;100;"10/21/2015";11.68;10.16;8.93;1.77;11.42
21;150;"10/21/2015";11.635;12.52;10.25;3.23;32.27
21;50;"10/21/2015";11.811;12.18;10.18;3.18;23.3
21;100;"10/21/2015";11.713;12.5;10.25;3.39;26.7
22;150;"10/21/2015";11.563;13.99;10.41;1.66;20.05
22;50;"10/21/2015";11.833;13.34;10.38;1.96;20.6
22;100;"10/21/2015";11.692;13.98;10.41;1.72;20.74
23;150;"10/21/2015";11.567;11.03;9.01;0.95;6.99
23;50;"10/21/2015";11.756;11.25;9.12;0.97;2.86
23;100;"10/21/2015";11.582;11.03;9.02;0.95;5.65
24;150;"10/21/2015";11.629;14.03;10.34;1.91;27.62
24;50;"10/21/2015";11.816;13.99;10.33;1.92;25.31
24;100;"10/21/2015";11.723;14.01;10.34;1.92;26.27
25;150;"10/21/2015";11.581;13.53;10.28;2.17;27.27
25;50;"10/21/2015";11.713;13.16;10.28;2.13;15.46
25;100;"10/21/2015";11.623;13.53;10.28;2.17;22.28
26;150;"10/21/2015";11.539;11.53;9.33;0.6;3.37
26;50;"10/21/2015";11.644;11.74;9.39;0.61;1.53
26;100;"10/21/2015";11.573;11.58;9.34;0.59;2.18
27;150;"10/21/2015";11.631;13.36;10.24;2.5;33.12
27;50;"10/21/2015";11.724;13.1;10.2;2.5;20.09
27;100;"10/21/2015";11.687;13.36;10.24;2.54;25.57
28;150;"10/21/2015";11.592;13.52;10.03;1.49;19.68
28;50;"10/21/2015";11.757;13.47;10.03;1.53;18.06
28;100;"10/21/2015";11.625;13.52;10.03;1.5;19.75
29;150;"10/21/2015";11.518;13.3;10.02;2.02;29.61
29;50;"10/21/2015";11.721;13.32;10.01;2.13;27.54
29;100;"10/21/2015";11.593;13.3;10.01;2.04;32.95
2;150;"10/21/2015";11.576;12.43;9.45;0.81;7.99
2;50;"10/21/2015";11.682;12.36;9.13;0.83;6.29
2;100;"10/21/2015";11.628;12.42;9.43;0.8;6.89
30;150;"10/21/2015";11.633;13.73;10.25;2.9;44.51
30;50;"10/21/2015";11.756;13.73;10.24;2.89;28.67
30;100;"10/21/2015";11.679;13.75;10.24;2.75;33.57
31;150;"10/21/2015";11.568;14.46;10.33;1.92;33.19
31;50;"10/21/2015";11.856;14.38;10.34;2.5;47.62
31;100;"10/21/2015";11.621;14.48;10.33;2.05;31.72
32;150;"10/21/2015";11.534;11.94;9.66;1.3;5.88
32;50;"10/21/2015";11.714;12.05;9.66;1.3;7.13
32;100;"10/21/2015";11.569;12.03;9.67;1.27;7.05
33;150;"10/21/2015";11.609;13.28;10.04;1.46;26.7
33;50;"10/21/2015";11.753;13.14;10.04;1.52;16.1
33;100;"10/21/2015";11.662;13.35;10.05;1.39;18.62
34;150;"10/21/2015";11.63;13.8;10.42;2.99;43.14
34;50;"10/21/2015";11.88;13.5;10.41;2.81;36.95
34;100;"10/21/2015";11.674;13.78;10.42;2.9;39.1
35;150;"10/21/2015";11.62;12.14;9.94;2.52;26.57
35;50;"10/21/2015";11.987;12.62;9.97;2.5;23.26
35;100;"10/21/2015";11.797;12.18;9.94;2.47;28.89
36;150;"10/21/2015";11.649;13.28;10.2;2.11;34.93
36;50;"10/21/2015";11.787;12.99;10.19;2.16;36.16
36;100;"10/21/2015";11.763;13.32;10.21;2.18;35.18
3;150;"10/21/2015";11.612;13.75;10.04;1.62;14.28
3;50;"10/21/2015";11.673;13.63;10.07;1.57;5.51
3;100;"10/21/2015";11.628;13.76;10.04;1.54;10.74
4;150;"10/21/2015";11.603;14.18;10.38;3.05;39.6
4;50;"10/21/2015";11.778;13.92;10.33;3.11;34.29
4;100;"10/21/2015";11.597;14.18;10.37;3.09;44.51
5;150;"10/21/2015";11.507;11.23;9.07;1.28;12.81
5;50;"10/21/2015";11.764;11.24;9.27;1.09;6.95
5;100;"10/21/2015";11.694;11.3;9.1;1.08;9.5
6;150;"10/21/2015";11.586;16.31;10.9;3.57;48.3
6;50;"10/21/2015";11.783;15.75;10.86;3.54;24
6;100;"10/21/2015";11.636;16.25;10.88;3.55;41.06
7;150;"10/21/2015";11.61;15.09;10.48;1.98;27.44
7;50;"10/21/2015";11.713;15.33;10.5;2.05;14.44
7;100;"10/21/2015";11.697;15.15;10.49;2.05;14.7
8;150;"10/21/2015";11.563;14.55;10.16;1.34;32.52
8;50;"10/21/2015";11.654;14.63;10.16;1.32;18.6
8;100;"10/21/2015";11.569;14.58;10.15;1.33;25.74
9;150;"10/21/2015";11.564;13.36;10.28;2.11;56.44
9;50;"10/21/2015";11.728;13.48;10.27;2.04;17.45
9;100;"10/21/2015";11.589;13.38;10.28;2.09;21.5
10;150;"11/10/2015";13.509;13.63;10.24;1.73;22.18
10;50;"11/10/2015";13.508;13.44;10.23;1.79;11.67
10;100;"11/10/2015";13.51;13.61;10.24;1.78;21.73
11;150;"11/10/2015";13.472;13.41;9.81;1.4;42.26
11;50;"11/10/2015";13.479;13.43;9.84;1.46;19.33
11;100;"11/10/2015";13.475;13.41;9.82;1.4;36.27
12;150;"11/10/2015";13.579;11.9;9.78;2.45;19.87
12;50;"11/10/2015";13.58;12.11;9.78;2.58;13.86
12;100;"11/10/2015";13.582;11.94;9.78;2.57;15.43
13;150;"11/10/2015";13.584;10.57;8.9;0.87;3.25
13;50;"11/10/2015";13.585;10.58;9.08;0.89;1.12
13;100;"11/10/2015";13.593;10.58;8.95;0.84;2.51
14;150;"11/10/2015";13.482;10.03;8.44;1.22;5.98
14;50;"11/10/2015";13.488;10.15;8.62;1.22;2.04
14;100;"11/10/2015";13.487;10.06;8.52;1.22;4.3
15;150;"11/10/2015";13.594;10.32;9.2;1.94;11.6
15;50;"11/10/2015";13.606;10.3;8.97;2.06;3.99
15;100;"11/10/2015";13.607;10.33;9.14;1.95;7.19
16;150;"11/10/2015";13.571;13.24;10.05;1.5;15.03
16;50;"11/10/2015";13.55;13.08;10.01;1.63;17.22
16;100;"11/10/2015";13.584;13.21;10.04;1.53;22
17;150;"11/10/2015";13.497;12.94;9.83;0.98;13.95
17;50;"11/10/2015";13.503;12.96;9.85;1.03;6.65
17;100;"11/10/2015";13.504;12.95;9.84;1.05;10.12
18;150;"11/10/2015";13.597;13.42;10.27;2.47;24.51
18;50;"11/10/2015";13.602;13.3;10.25;2.69;17.19
18;100;"11/10/2015";13.607;13.4;10.26;2.66;19.42
19;150;"11/10/2015";13.58;8.62;8.42;1.38;9.43
19;50;"11/10/2015";13.591;8.72;8.67;1.43;5.81
19;100;"11/10/2015";13.59;8.65;8.49;1.46;6.97
1;150;"11/10/2015";13.57;11.18;9.48;1.71;21.59
1;50;"11/10/2015";13.557;11.17;9.22;1.88;14.81
1;100;"11/10/2015";13.568;11.18;9.36;1.76;23.77
20;150;"11/10/2015";13.524;10.12;8.64;1.51;15.59
20;50;"11/10/2015";13.533;10.09;8.57;1.52;12.74
20;100;"11/10/2015";13.53;10.14;8.63;1.57;13.57
21;150;"11/10/2015";13.53;11.78;9.88;2.28;20.47
21;50;"11/10/2015";13.532;11.69;9.83;2.25;17.75
21;100;"11/10/2015";13.534;11.76;9.87;2.3;17.59
22;150;"11/10/2015";13.529;13.37;10.18;1.48;19.11
22;50;"11/10/2015";13.522;12.94;10.16;1.84;18.7
22;100;"11/10/2015";13.534;13.34;10.18;1.78;29.01
23;150;"11/10/2015";13.573;10.76;8.76;0.76;3.37
23;50;"11/10/2015";13.582;11.53;9.2;0.82;0.73
23;100;"11/10/2015";13.581;10.82;8.9;0.8;1.57
24;150;"11/10/2015";13.533;13.36;10.08;1.91;24.27
24;50;"11/10/2015";13.534;13.23;10.04;1.96;16.35
24;100;"11/10/2015";13.534;13.33;10.07;1.9;21.86
25;150;"11/10/2015";13.574;13.82;10.2;2.1;27.51
25;50;"11/10/2015";13.588;13.4;10.18;2.06;14.01
25;100;"11/10/2015";13.589;13.78;10.19;2.05;21.64
26;150;"11/10/2015";13.573;11.78;9.28;0.67;5.86
26;50;"11/10/2015";13.596;12.1;9.41;0.63;2.25
26;100;"11/10/2015";13.588;11.86;9.32;0.61;4.53
27;150;"11/10/2015";13.602;13.87;10.21;2.17;26.79
27;50;"11/10/2015";13.613;13.68;10.18;2.1;16.55
27;100;"11/10/2015";13.614;13.81;10.2;2.21;27.56
28;150;"11/10/2015";13.567;12.73;9.83;0.68;9.52
28;50;"11/10/2015";13.558;12.27;9.87;0.69;6.69
28;100;"11/10/2015";13.567;12.72;9.83;0.7;10.9
29;150;"11/10/2015";13.485;12.48;9.75;1;28.45
29;50;"11/10/2015";13.528;12.53;9.76;1.04;16.38
29;100;"11/10/2015";13.51;12.51;9.76;1;27.4
2;150;"11/10/2015";13.603;11.94;9.26;0.49;2.59
2;50;"11/10/2015";13.604;11.84;9.3;0.52;2.22
2;100;"11/10/2015";13.607;11.92;9.26;0.49;2.54
30;150;"11/10/2015";13.586;14.15;10.19;2.52;23.81
30;50;"11/10/2015";13.595;13.91;10.16;2.6;25.86
30;100;"11/10/2015";13.595;14.11;10.18;2.59;26.46
31;150;"11/10/2015";13.511;14.12;10.23;5.01;307.77
31;50;"11/10/2015";13.522;13.95;10.23;1.8;34.53
31;100;"11/10/2015";13.529;14.06;10.23;2.3;35.39
32;150;"11/10/2015";13.566;11.58;9.34;0.8;3.73
32;50;"11/10/2015";13.586;11.78;9.44;1.01;4.4
32;100;"11/10/2015";13.582;11.65;9.38;0.95;5.26
33;150;"11/10/2015";13.577;12.41;9.82;1.24;10.59
33;50;"11/10/2015";13.586;12.32;9.79;1.3;9.07
33;100;"11/10/2015";13.582;12.4;9.82;1.31;11.78
34;150;"11/10/2015";13.513;11.41;9.86;2.43;26.06
34;50;"11/10/2015";13.526;11.38;9.86;2.35;16.33
34;100;"11/10/2015";13.525;11.42;9.86;2.31;20.3
35;150;"11/10/2015";13.497;12.31;9.78;2.38;29.13
35;50;"11/10/2015";13.53;12.13;9.79;2.38;21.06
35;100;"11/10/2015";13.515;12.32;9.78;2.41;25.59
36;150;"11/10/2015";13.506;13.7;10.21;1.58;27.28
36;50;"11/10/2015";13.511;13.4;10.19;1.63;25.79
36;100;"11/10/2015";13.511;13.68;10.21;1.58;27.51
3;150;"11/10/2015";13.63;13.27;9.83;1.21;31.01
3;50;"11/10/2015";13.636;13.02;9.75;1.17;26.45
3;100;"11/10/2015";13.638;13.24;9.8;1.17;28.28
4;150;"11/10/2015";13.535;13.45;10.14;1.98;29.36
4;50;"11/10/2015";13.503;13.18;10.09;2.07;20
4;100;"11/10/2015";13.531;13.44;10.14;1.95;26.26
5;150;"11/10/2015";13.472;11.17;8.82;0.68;4.77
5;50;"11/10/2015";13.478;11.26;8.96;0.62;3.14
5;100;"11/10/2015";13.474;11.2;8.87;0.62;3.95
6;150;"11/10/2015";13.524;15.61;10.69;2.41;30.96
6;50;"11/10/2015";13.534;15.44;10.67;2.37;24.68
6;100;"11/10/2015";13.529;15.54;10.68;2.51;27.58
7;150;"11/10/2015";13.591;15.27;10.43;2.13;33.27
7;50;"11/10/2015";13.572;14.91;10.44;2.04;23.65
7;100;"11/10/2015";13.597;15.23;10.44;2.07;33.01
8;150;"11/10/2015";13.565;15.34;10.24;1.48;26.23
8;50;"11/10/2015";13.577;15.25;10.22;1.41;14.35
8;100;"11/10/2015";13.576;15.24;10.22;1.4;24.89
9;150;"11/10/2015";13.521;13.69;10.14;2.12;27.18
9;50;"11/10/2015";13.526;13.93;10.15;2.1;17.44
9;100;"11/10/2015";13.525;13.73;10.14;2.18;29.34
1;50;"07/15/2015";24.354;21.26;9.8;3.01;53.5
1;100;"07/15/2015";23.661;21.37;9.47;3.04;61.75
1;150;"07/15/2015";23.557;21.91;9.88;2.95;68.2
2;50;"07/15/2015";24.029;20.43;9.42;2.78;45.36
2;100;"07/15/2015";23.853;20.19;9.37;2.72;51.49
2;150;"07/15/2015";23.467;20.7;9.42;2.79;57.43
3;50;"07/15/2015";24.604;20.07;9.76;2.93;35.41
3;100;"07/15/2015";23.896;20.93;9.77;2.78;54.45
3;150;"07/15/2015";23.486;21.33;9.81;2.89;61.38
4;50;"07/15/2015";24.409;21.72;9.98;2.99;42.39
4;100;"07/15/2015";23.966;22.3;10.01;2.95;65.59
4;150;"07/15/2015";23.532;22.48;9.99;13.75;88.35
5;50;"07/15/2015";24.786;19.35;9.67;2.67;22.35
5;100;"07/15/2015";23.963;19.62;9.7;2.64;47.08
5;150;"07/15/2015";23.465;19.95;9.74;2.64;53.94
6;50;"07/15/2015";24.396;20.31;9.75;2.99;27.32
6;100;"07/15/2015";23.917;20.49;9.78;2.85;52.78
6;150;"07/15/2015";23.497;20.83;9.82;2.72;61.4
7;50;"07/15/2015";23.685;21.22;9.86;2.81;56.65
7;100;"07/15/2015";23.941;21.06;9.85;2.83;58.64
7;150;"07/15/2015";23.484;21.21;9.86;2.87;61.22
8;50;"07/15/2015";24.801;19.11;9.65;2.51;19.11
8;100;"07/15/2015";24.054;19.18;9.67;2.53;42.29
8;150;"07/15/2015";23.455;19.61;9.71;2.66;49.89
9;50;"07/15/2015";24.618;19.96;9.89;2.87;35.04
9;100;"07/15/2015";23.953;21.29;9.94;2.76;55.39
9;150;"07/15/2015";23.545;21.79;9.98;3.68;68.29
10;50;"07/15/2015";24.55;21.5;9.96;3.08;55.38
10;100;"07/15/2015";23.679;22.35;10.02;3.07;64.54
10;150;"07/15/2015";23.488;22.26;10;3.09;67.79
11;50;"07/15/2015";24.947;19.43;9.76;2.76;29.39
11;100;"07/15/2015";24.089;20.02;9.8;2.81;48.62
11;150;"07/15/2015";23.447;20.23;9.81;2.87;58.47
12;50;"07/15/2015";24.256;20.75;9.99;3.07;36.35
12;100;"07/15/2015";23.696;21.99;10.03;3.14;63.75
12;150;"07/15/2015";23.616;22.47;10.1;9.4;95.59
13;50;"07/15/2015";24.713;19.82;9.76;3.01;43.15
13;100;"07/15/2015";24.088;20.45;9.87;2.92;59.36
13;150;"07/15/2015";23.541;20.99;9.91;3.17;69.34
14;50;"07/15/2015";24.312;20.64;9.92;2.95;56.27
14;100;"07/15/2015";24.14;19.09;9.72;2.6;43.84
14;150;"07/15/2015";23.466;19.49;9.74;2.68;52.62
15;50;"07/15/2015";24.189;19.96;9.88;2.78;51.74
15;100;"07/15/2015";23.798;20.63;9.92;2.77;59.47
15;150;"07/15/2015";23.625;21.05;9.95;3.29;74.13
16;50;"07/15/2015";25.055;19.72;9.83;3.85;62.95
16;100;"07/15/2015";24.078;20.96;9.94;3.09;68.98
16;150;"07/15/2015";23.67;21.18;9.97;3.09;78.64
17;50;"07/15/2015";24.924;18.95;9.72;2.74;29.33
17;100;"07/15/2015";23.872;20.01;9.78;2.66;51.4
17;150;"07/15/2015";23.496;20.07;9.79;2.78;61.79
18;50;"07/15/2015";24.48;19.53;9.9;2.9;47.85
18;100;"07/15/2015";24.118;20.43;9.91;2.91;58.61
18;150;"07/15/2015";23.644;20.95;9.94;2.8;77.83
19;50;"07/15/2015";25.018;21.64;10.13;4.26;73.68
19;100;"07/15/2015";23.919;23.05;10.17;3.47;79.03
19;150;"07/15/2015";23.598;23.02;10.17;4.09;100.83
20;50;"07/15/2015";24.405;20.02;9.81;2.78;40.34
20;100;"07/15/2015";24;20.19;9.83;2.79;54.09
20;150;"07/15/2015";23.525;20.46;9.85;2.83;62.58
21;50;"07/15/2015";24.614;20.04;9.91;3.07;38.71
21;100;"07/15/2015";24.188;21.16;9.94;2.87;55.48
21;150;"07/15/2015";23.56;21.57;9.97;2.73;67.7
22;50;"07/15/2015";24.49;22.2;10.07;3.19;57.34
22;100;"07/15/2015";24.033;22.2;10.05;3.06;62.35
22;150;"07/15/2015";23.538;22.16;10.04;3.03;65.58
23;50;"07/15/2015";25.071;19.64;9.78;2.82;26.61
23;100;"07/15/2015";24.278;20.09;9.83;2.84;47.46
23;150;"07/15/2015";23.508;20.56;9.87;2.91;59.88
24;50;"07/15/2015";24.883;20.51;9.92;4.22;38.12
24;100;"07/15/2015";24.006;21.87;9.99;2.94;59.03
24;150;"07/15/2015";23.582;22.25;10.03;2.81;68.16
25;50;"07/15/2015";25.059;21.02;10.04;3.12;43.17
25;100;"07/15/2015";24.493;22.28;10.06;2.89;59.24
25;150;"07/15/2015";23.545;22.61;10.07;3.03;74.44
26;50;"07/15/2015";24.673;20.02;9.82;2.78;34.14
26;100;"07/15/2015";23.776;20.44;9.87;2.75;45.88
26;150;"07/15/2015";23.501;20.61;9.89;2.71;56.67
27;50;"07/15/2015";26.026;12.08;9.85;8.94;4.76
27;100;"07/15/2015";24.12;20.32;9.9;2.67;48.86
27;150;"07/15/2015";23.556;20.96;9.94;2.76;58.91
28;50;"07/15/2015";24.746;21.45;9.99;3.07;44.02
28;100;"07/15/2015";23.787;22.26;10.05;2.84;61.48
28;150;"07/15/2015";23.573;22.1;10.02;3.1;78.03
29;50;"07/15/2015";25.068;19.38;9.78;2.62;28.78
29;100;"07/15/2015";23.853;20.31;9.85;2.83;48.97
29;150;"07/15/2015";23.526;20.55;9.88;2.8;61.61
30;50;"07/15/2015";24.408;20.63;9.93;2.84;49.41
30;100;"07/15/2015";23.794;21.34;9.96;2.8;59.61
30;150;"07/15/2015";23.594;21.56;9.98;3;69.1
31;50;"07/15/2015";24.817;21.18;10.06;3.15;57.4
31;100;"07/15/2015";23.953;22.47;10.1;2.86;66.85
31;150;"07/15/2015";23.63;22.63;10.11;14.12;74.99
32;50;"07/15/2015";25.329;19.39;9.79;3.13;29.34
32;100;"07/15/2015";23.892;20.75;9.87;2.86;53.39
32;150;"07/15/2015";23.551;20.97;9.9;2.86;64.97
33;50;"07/15/2015";24.452;20.31;9.87;2.87;29.18
33;100;"07/15/2015";23.727;20.97;9.93;2.83;57.64
33;150;"07/15/2015";23.553;21.03;9.93;2.9;67.67
34;50;"07/15/2015";24.924;21.57;10.05;2.92;53.03
34;100;"07/15/2015";24.122;22.27;10.08;2.98;65.45
34;150;"07/15/2015";23.619;22.72;10.11;4.07;142.81
35;50;"07/15/2015";25.106;19.69;9.8;3.08;35.45
35;100;"07/15/2015";23.784;20.73;9.88;2.82;59.44
35;150;"07/15/2015";23.58;20.91;9.9;2.76;65.83
36;50;"07/15/2015";24.842;19.48;9.91;2.83;41.38
36;100;"07/15/2015";24.057;21.29;9.95;2.82;60.21
36;150;"07/15/2015";23.602;21.75;9.99;2.93;72.59
10;150;"07/20/2015";25.02;20.45;10.28;12.56;226.67
10;50;"07/20/2015";25.019;19.81;10.28;3.14;73.69
10;100;"07/20/2015";25.073;20.41;10.28;2.99;70.1
11;150;"07/20/2015";25.022;18.42;9.95;3.04;100.37
11;50;"07/20/2015";25.163;19.15;10.01;6.16;78.29
11;100;"07/20/2015";25.145;18.71;10;2.96;79.31
12;150;"07/20/2015";25.015;21.64;10.5;12.91;133.33
12;50;"07/20/2015";25.121;20.27;10.38;3.3;66.37
12;100;"07/20/2015";25.105;21.19;10.41;3.65;95.06
13;150;"07/20/2015";24.992;19.4;10.04;2.8;62.53
13;50;"07/20/2015";25.084;18.01;10.02;2.84;47.16
13;100;"07/20/2015";25.091;19.41;10.05;2.82;58.02
14;150;"07/20/2015";25.045;17.99;9.82;2.37;55.71
14;50;"07/20/2015";25.089;17.98;9.85;2.45;49.33
14;100;"07/20/2015";25.126;18.03;9.85;2.43;58.44
15;150;"07/20/2015";25.021;20.38;10.23;8.47;141.03
15;50;"07/20/2015";25.107;19.52;10.23;3.34;71.89
15;100;"07/20/2015";25.099;20.38;10.23;3.2;83.44
16;150;"07/20/2015";24.98;20.07;10.15;3.93;77.17
16;50;"07/20/2015";25.033;19.31;10.19;3.12;81.56
16;100;"07/20/2015";25.037;19.69;10.19;3.15;79.28
17;150;"07/20/2015";24.984;17.94;9.86;2.31;63.06
17;50;"07/20/2015";25.036;17.24;9.88;2.34;62.77
17;100;"07/20/2015";25.033;17.41;9.88;2.39;59.29
18;150;"07/20/2015";24.975;20.12;10.23;6.46;107.36
18;50;"07/20/2015";25.07;18.49;10.23;4.05;76.95
18;100;"07/20/2015";25.038;19.56;10.23;4.87;79.76
19;150;"07/20/2015";24.952;21.18;10.4;7.73;143.47
19;50;"07/20/2015";25.003;20.75;10.38;3.43;86.09
19;100;"07/20/2015";24.999;21.13;10.39;3.57;104.07
1;150;"07/20/2015";24.973;20.6;10.35;12.89;245.84
1;50;"07/20/2015";24.999;19.03;10.29;2.35;44.43
1;100;"07/20/2015";25.015;20.09;10.3;2.33;46.54
20;150;"07/20/2015";24.946;18.43;9.93;3.07;91.3
20;50;"07/20/2015";24.995;18.71;9.96;2.94;75.61
20;100;"07/20/2015";24.995;18.7;9.96;2.89;79.85
21;150;"07/20/2015";24.955;20.04;10.19;3.32;89.11
21;50;"07/20/2015";24.989;20.17;10.21;3.17;96.73
21;100;"07/20/2015";24.987;20.19;10.2;3.27;78.58
22;150;"07/20/2015";24.948;19.91;10.17;2.56;57.12
22;50;"07/20/2015";24.649;14.94;10.16;371.03;5.97
22;100;"07/20/2015";24.992;19.9;10.18;2.56;56.67
23;150;"07/20/2015";24.927;17.54;9.77;2.74;69.04
23;50;"07/20/2015";25.095;18.9;9.92;2.59;52.55
23;100;"07/20/2015";25.091;18.82;9.9;2.54;61.85
24;150;"07/20/2015";24.952;21.03;10.35;4.94;140.56
24;50;"07/20/2015";25.015;19.97;10.24;2.71;47.44
24;100;"07/20/2015";25.008;20.42;10.24;2.63;53.23
25;150;"07/20/2015";24.983;20.33;10.21;11.17;116.03
25;50;"07/20/2015";24.979;19.79;10.21;3.12;60.68
25;100;"07/20/2015";24.999;20.26;10.21;3.12;68.26
26;150;"07/20/2015";25.009;18.37;9.84;2.62;74.12
26;50;"07/20/2015";25.087;18.71;9.91;2.58;64.05
26;100;"07/20/2015";25.081;18.81;9.89;2.49;62.75
27;150;"07/20/2015";24.99;19.8;10.07;3.48;82.29
27;50;"07/20/2015";25.036;19.32;10.1;3.04;54.64
27;100;"07/20/2015";25.051;20.04;10.09;3.18;67.8
28;150;"07/20/2015";24.977;20.24;10.14;6.47;153.24
28;50;"07/20/2015";24.991;19.6;10.14;2.8;57.37
28;100;"07/20/2015";24.998;20.18;10.14;2.86;60.83
29;150;"07/20/2015";24.935;18.52;9.88;3.78;101.97
29;50;"07/20/2015";25.036;19.15;9.94;3.47;98.51
29;100;"07/20/2015";25.011;19.02;9.93;3.4;92.08
2;150;"07/20/2015";24.955;19.05;9.94;2.3;63.36
2;50;"07/20/2015";24.995;19.11;10;2.56;51.29
2;100;"07/20/2015";25.063;19.39;10;2.34;58.88
30;150;"07/20/2015";25.011;20.07;10.12;10.07;129.83
30;50;"07/20/2015";25.064;19.72;10.11;3.11;55.98
30;100;"07/20/2015";25.06;20.06;10.12;2.97;58.89
31;150;"07/20/2015";24.939;20.5;10.25;13.12;151.22
31;50;"07/20/2015";24.958;20.18;10.25;3.05;72.04
31;100;"07/20/2015";24.941;20.45;10.26;3;70.4
32;150;"07/20/2015";25.02;19.12;9.88;3.52;87.83
32;50;"07/20/2015";25.055;19.17;9.88;3.16;83
32;100;"07/20/2015";25.045;19.2;9.86;3.29;87.97
33;150;"07/20/2015";24.974;19.42;9.94;2.72;53.53
33;50;"07/20/2015";25.033;18.85;9.91;2.94;34.06
33;100;"07/20/2015";25.035;19.68;9.92;2.64;55.03
34;150;"07/20/2015";24.904;20.71;10.19;5.3;104.13
34;50;"07/20/2015";24.909;20.39;10.17;3.51;68.73
34;100;"07/20/2015";24.906;20.66;10.16;5.72;83.21
35;150;"07/20/2015";24.899;18.98;9.81;3.22;79.25
35;50;"07/20/2015";24.911;19.01;9.55;3.38;54.19
35;100;"07/20/2015";24.9;19.05;9.7;3.3;71.37
36;150;"07/20/2015";24.886;19.97;9.66;3.74;96.29
36;50;"07/20/2015";24.861;18.79;9.53;3;54.68
36;100;"07/20/2015";24.884;19.74;9.68;2.95;63.58
3;150;"07/20/2015";24.996;20.22;10.11;2.5;52.42
3;50;"07/20/2015";25.023;19.94;10.12;2.53;46.9
3;100;"07/20/2015";25.027;20.22;10.12;2.43;58.31
4;150;"07/20/2015";25.022;21.08;10.43;6.99;200.54
4;50;"07/20/2015";25.123;18.48;9.97;2.56;65.46
4;100;"07/20/2015";25.071;20.96;10.43;3.52;119.66
5;150;"07/20/2015";24.996;18.32;9.94;2.42;71.77
5;50;"07/20/2015";25.009;18.06;10.05;2.58;62.4
5;100;"07/20/2015";25.127;18.47;9.97;2.56;60.18
6;150;"07/20/2015";25.005;19.43;10.09;2.84;69.64
6;50;"07/20/2015";25.032;18.44;10.11;2.59;54.43
6;100;"07/20/2015";25.05;19.41;10.11;2.67;54.96
7;150;"07/20/2015";24.981;19.77;10.09;3.45;107.02
7;50;"07/20/2015";25.024;18.8;10.09;3.12;74.22
7;100;"07/20/2015";25.057;19.74;10.11;2.91;76.51
8;150;"07/20/2015";25.025;18.25;9.81;3.12;85.87
8;50;"07/20/2015";25.115;18.72;9.89;2.85;74.56
8;100;"07/20/2015";25.159;18.69;9.88;2.79;76.88
9;150;"07/20/2015";25.02;20.2;10.3;6.46;160.6
9;50;"07/20/2015";25.036;19.22;10.29;2.82;59.94
9;100;"07/20/2015";25.078;19.94;10.29;2.79;66.95
10;150;"08/03/2015";21.797;14.98;NA;3.69;50.87
10;50;"08/03/2015";22.727;14.16;NA;2.97;17.51
10;100;"08/03/2015";21.942;14.86;NA;3.45;36.84
11;150;"08/03/2015";21.676;14.2;NA;3.05;40.18
11;50;"08/03/2015";22.383;14.1;NA;2.74;23.47
11;100;"08/03/2015";0.02193;14.13;NA;2.88;29.34
12;150;"08/03/2015";21.832;15.38;NA;3.87;53.58
12;50;"08/03/2015";22.231;15.09;NA;3.46;19.41
12;100;"08/03/2015";21.939;15.23;NA;3.53;33.2
13;150;"08/03/2015";22.768;12.15;NA;1.73;11.12
13;100;"08/03/2015";21.718;8.98;NA;142.1;0.13
14;150;"08/03/2015";21.709;12.47;NA;2.21;33.11
14;50;"08/03/2015";22.443;12.21;NA;2.01;19.71
14;100;"08/03/2015";22.054;12.3;NA;2.08;28.29
15;150;"08/03/2015";21.866;15.02;NA;2.73;32.99
15;50;"08/03/2015";22.282;14.47;NA;2.51;24.64
15;100;"08/03/2015";21.973;14.86;NA;2.66;28.23
16;150;"08/03/2015";0.02191;12.01;NA;2.08;22.43
16;50;"08/03/2015";22.373;12.01;NA;2;14.5
16;100;"08/03/2015";21.948;11.99;NA;1.99;18.8
17;150;"08/03/2015";21.787;12.57;NA;1.93;29.44
17;50;"08/03/2015";22.803;12.01;NA;12.39;15.28
17;100;"08/03/2015";22.398;12.29;NA;8.75;27.4
18;150;"08/03/2015";21.896;15.2;NA;3.02;53.15
18;50;"08/03/2015";22.444;14.88;NA;2.7;26.78
18;100;"08/03/2015";21.947;15.09;NA;2.96;33.88
19;150;"08/03/2015";21.879;14.9;NA;3.56;64.61
19;50;"08/03/2015";23.017;14.17;NA;3.15;68.81
19;100;"08/03/2015";22.007;14.87;NA;3.48;63.94
1;150;"08/03/2015";0.02177;12.7;NA;3.03;40.48
1;50;"08/03/2015";22.858;11.42;NA;2.79;11.8
1;100;"08/03/2015";22.232;12.47;NA;2.95;13.13
20;150;"08/03/2015";0.02184;13.54;NA;2.56;38.87
20;50;"08/03/2015";22.984;13.01;NA;2.13;12.21
20;100;"08/03/2015";22.014;13.34;NA;2.4;29.3
21;150;"08/03/2015";21.939;15.24;NA;3.51;60.39
21;50;"08/03/2015";22.986;14.18;NA;3.18;21.76
21;100;"08/03/2015";22.085;15.06;NA;3.37;47.5
22;150;"08/03/2015";21.857;12.95;NA;2.26;40.3
22;50;"08/03/2015";22.748;11.99;NA;2.08;12.6
22;100;"08/03/2015";22.043;12.53;NA;2.02;16.61
23;150;"08/03/2015";21.782;12.47;NA;2.18;21.23
23;50;"08/03/2015";22.257;12.3;NA;2.13;11.34
23;100;"08/03/2015";21.909;12.4;NA;2.28;12.8
24;150;"08/03/2015";0.02192;11.84;NA;2.96;51.58
24;50;"08/03/2015";22.655;11.29;NA;2.81;20.5
24;100;"08/03/2015";22.071;11.49;NA;2.81;30.01
25;150;"08/03/2015";21.844;15.4;NA;3.66;56.59
25;50;"08/03/2015";22.473;14.22;NA;3.37;20.21
25;100;"08/03/2015";22.095;15.21;NA;3.4;31.8
26;150;"08/03/2015";21.743;12.29;NA;1.95;20.85
26;50;"08/03/2015";22.234;12.26;NA;1.86;10.18
26;100;"08/03/2015";21.881;12.22;NA;1.85;11.2
27;150;"08/03/2015";21.887;15.32;NA;3.21;72.76
27;50;"08/03/2015";22.379;14.95;NA;2.89;19.43
27;100;"08/03/2015";21.995;15.14;NA;2.96;35
28;150;"08/03/2015";21.898;13.36;NA;2.79;43.23
28;50;"08/03/2015";0.02258;12.96;NA;2.4;13.97
28;100;"08/03/2015";22.516;13.22;NA;2.51;14.93
29;150;"08/03/2015";0.02177;15.46;NA;3.67;60.9
29;50;"08/03/2015";22.556;14.98;NA;3.32;20.01
29;100;"08/03/2015";21.962;15.24;NA;3.5;43.04
2;150;"08/03/2015";21.825;12.92;NA;2.13;23.3
2;50;"08/03/2015";22.047;12.76;NA;1.99;9.98
2;100;"08/03/2015";0.02202;12.91;NA;2.06;19.52
30;150;"08/03/2015";21.904;15.54;NA;3.46;46.09
30;50;"08/03/2015";22.606;14.92;NA;2.96;16.39
30;100;"08/03/2015";21.961;15.42;NA;3.35;30.61
31;150;"08/03/2015";21.941;12.32;NA;3.36;68.91
31;50;"08/03/2015";22.938;11.79;NA;2.85;15.09
31;100;"08/03/2015";22.183;11.88;NA;3.1;33.31
32;150;"08/03/2015";0.02182;15.41;NA;3.09;56.09
32;50;"08/03/2015";22.762;14.59;NA;2.75;15.67
32;100;"08/03/2015";21.981;15.33;NA;2.92;43.99
33;150;"08/03/2015";21.922;12.99;NA;1.79;24.83
33;50;"08/03/2015";22.631;13.02;NA;1.62;6.91
33;100;"08/03/2015";22.015;12.87;NA;1.71;11.91
34;150;"08/03/2015";22.051;14.89;NA;3.62;85.41
34;50;"08/03/2015";22.917;14.21;NA;3.01;23.15
34;100;"08/03/2015";22.243;14.65;NA;3.28;45.85
35;150;"08/03/2015";21.952;15.42;NA;3.46;56.85
35;50;"08/03/2015";22.922;14.84;NA;3.07;25.27
35;100;"08/03/2015";22.142;15.21;NA;3.35;50.05
36;150;"08/03/2015";22.048;12.32;NA;3.55;63.46
36;50;"08/03/2015";22.923;12.16;NA;3.23;22.1
36;100;"08/03/2015";22.321;12.09;NA;3.38;41.99
3;150;"08/03/2015";21.828;12.26;NA;1.92;18.6
3;50;"08/03/2015";22.359;11.95;NA;1.78;11.97
3;100;"08/03/2015";22.062;12.19;NA;1.87;16.02
4;150;"08/03/2015";21.959;15.67;NA;4.55;65.52
4;50;"08/03/2015";22.402;15.38;NA;4.15;38.9
4;100;"08/03/2015";22.439;15.4;NA;4.16;42.62
5;150;"08/03/2015";0.02172;12.98;NA;2;33.18
5;50;"08/03/2015";22.542;13.15;NA;2.25;24.63
5;100;"08/03/2015";0.0219;12.98;NA;2.08;27.56
6;150;"08/03/2015";21.789;15.19;NA;3.61;48.9
6;50;"08/03/2015";22.319;14.65;NA;3.34;26.43
6;100;"08/03/2015";0.02192;14.95;NA;3.45;44.75
7;150;"08/03/2015";0.02179;15;NA;3.24;44.55
7;50;"08/03/2015";22.264;14.35;NA;2.59;14.57
7;100;"08/03/2015";21.893;14.65;NA;2.63;21.33
8;150;"08/03/2015";21.691;14.43;NA;2.54;34.5
8;50;"08/03/2015";22.481;14.19;NA;2.29;27.63
8;100;"08/03/2015";21.828;14.3;NA;2.4;32.42
9;150;"08/03/2015";0.0218;14.6;NA;3.55;56.42
9;50;"08/03/2015";22.359;14.18;NA;3.18;25.37
9;100;"08/03/2015";21.979;14.36;NA;3.37;42.77
